205
500
400	2
397	1
396	1
395	1
394	1
393	1
389	2
388	2
387	2
384	1
379	1
378	1
375	1
374	1
373	1
369	1
364	1
363	1
362	2
361	1
357	1
356	1
354	1
353	1
352	1
351	1
350	1
347	2
345	1
344	1
342	1
341	2
340	1
339	2
336	2
335	1
334	1
329	2
328	1
327	1
325	1
324	1
322	2
318	1
316	1
315	1
314	1
313	1
312	1
311	2
309	2
307	1
305	3
304	1
303	1
301	2
300	1
298	2
293	2
291	1
288	2
286	2
284	1
281	1
280	4
279	2
278	1
276	1
275	3
274	1
273	1
269	2
268	2
267	1
265	1
262	1
261	2
259	1
258	1
255	1
252	1
251	1
250	1
246	1
245	1
243	1
241	1
240	5
237	1
235	1
234	1
229	3
228	1
225	1
224	1
223	1
222	1
220	1
219	2
218	1
215	1
214	1
213	2
209	1
208	3
203	1
202	2
201	1
200	1
199	3
198	1
195	3
191	1
190	1
188	2
187	1
186	1
185	1
184	2
182	1
180	1
179	2
178	2
177	1
175	3
174	2
172	1
170	1
169	1
168	1
167	1
166	1
163	1
162	2
161	1
158	2
157	2
156	2
155	2
154	2
152	1
150	3
148	2
147	4
145	1
144	2
143	1
140	1
139	1
136	1
134	1
130	2
129	1
126	2
124	1
122	2
121	1
119	1
118	2
115	2
114	1
111	2
110	2
107	1
106	1
105	1
104	1
103	1
99	1
98	1
97	3
95	2
93	2
92	1
91	1
90	1
89	2
88	1
84	2
83	1
82	1
81	2
80	2
79	1
76	2
75	2
74	2
71	1
70	2
69	2
68	3
67	1
65	1
64	1
63	1
62	2
61	1
58	2
56	4
55	1
54	1
53	4
52	2
51	1
50	1
