329
500
400	4
399	4
398	5
397	3
396	2
395	2
394	6
393	2
392	4
391	1
390	7
389	1
388	5
387	2
386	1
385	4
384	4
383	6
382	4
380	1
379	3
378	1
377	3
376	2
375	3
374	2
373	3
372	4
371	4
370	2
369	5
367	4
366	3
365	3
364	2
363	1
362	2
361	3
360	4
358	2
357	4
355	5
354	3
353	1
352	1
351	2
350	3
349	3
348	3
347	1
346	3
344	5
343	2
342	1
341	4
340	3
339	2
337	3
336	3
335	1
334	1
333	5
332	3
331	6
330	4
329	7
328	2
327	3
326	1
325	2
324	2
323	4
322	4
321	3
320	5
319	2
318	5
317	4
316	5
315	2
314	2
313	3
312	4
311	2
310	2
309	2
308	4
307	4
306	2
305	4
304	1
303	2
302	1
301	6
300	4
299	2
298	4
297	2
296	3
295	3
294	4
293	5
292	3
291	4
290	3
289	2
288	2
287	1
286	3
285	2
284	3
282	3
281	1
280	5
279	1
278	1
277	2
275	1
274	1
273	3
272	5
270	7
269	5
268	5
267	3
266	4
265	8
264	2
263	1
262	3
261	2
260	2
259	3
258	4
257	5
256	3
255	1
254	2
253	1
252	3
251	1
250	1
249	3
248	4
247	2
246	3
245	4
244	3
243	3
242	2
241	2
240	2
239	2
238	3
237	2
236	6
235	8
234	1
233	2
232	1
231	2
230	3
229	5
228	4
227	3
226	3
225	4
224	3
223	5
222	2
221	4
220	4
219	3
218	4
217	2
216	1
215	3
214	6
212	3
211	1
210	3
207	4
206	3
205	1
204	1
203	4
202	4
201	3
200	5
199	5
198	2
197	8
196	3
195	2
194	5
193	3
192	1
191	2
190	2
189	3
188	3
187	3
186	4
185	5
184	6
183	5
182	3
181	5
180	4
179	2
178	4
177	4
176	2
175	3
174	3
173	4
172	3
171	6
170	1
169	6
168	2
167	2
166	3
165	2
164	3
163	2
162	4
159	5
158	2
157	5
156	2
155	1
154	5
153	4
152	3
151	2
150	6
149	1
148	7
147	3
146	2
145	4
144	6
143	2
142	3
141	2
140	2
139	4
138	2
137	6
136	4
135	1
134	1
133	2
132	1
131	1
130	3
129	1
128	3
127	2
126	2
125	1
124	2
123	2
122	3
121	2
120	3
119	3
118	2
117	3
116	3
115	6
114	4
113	3
112	3
110	1
108	2
107	3
106	3
105	5
104	2
103	5
102	8
101	2
100	5
99	5
96	3
95	4
94	1
93	2
92	4
91	5
90	3
89	2
88	1
87	3
86	3
84	5
83	1
82	5
81	1
80	5
79	3
78	6
77	2
75	2
74	2
73	2
72	1
71	2
70	4
69	4
68	3
67	2
65	1
64	1
63	3
62	3
60	2
59	1
58	1
57	4
56	2
55	5
54	3
53	4
52	2
51	3
50	2
