151
500
398	2
397	1
396	1
394	1
393	2
391	1
390	1
389	1
388	1
386	1
385	1
384	2
382	2
381	1
380	1
379	1
377	1
369	1
368	3
367	1
366	3
365	1
364	1
363	1
360	1
358	2
351	2
348	1
347	2
346	1
345	1
340	1
338	1
337	1
334	1
333	1
332	1
330	1
326	2
325	1
324	4
323	2
320	1
317	2
315	1
314	2
307	1
304	2
303	1
302	2
300	1
296	1
293	1
292	2
286	1
280	1
279	1
276	1
275	1
274	2
271	1
268	1
267	1
262	1
260	1
257	2
253	2
252	1
251	2
248	1
243	1
242	1
239	1
233	1
232	1
230	1
225	1
224	1
223	1
222	1
221	1
220	2
219	2
218	2
215	1
212	2
211	1
208	1
207	1
206	1
204	1
200	1
194	1
192	1
189	2
185	1
184	1
181	1
178	3
177	1
172	2
168	1
162	1
161	1
160	1
158	1
154	2
153	1
152	1
151	1
150	1
149	1
147	2
144	1
142	1
141	1
140	1
137	2
135	2
131	1
128	2
127	1
126	2
123	2
122	1
114	1
109	1
106	1
105	2
103	2
102	1
99	1
97	1
96	1
95	1
92	2
89	1
84	2
83	2
82	2
80	1
78	1
69	2
67	1
64	1
63	2
56	1
55	1
53	1
51	1
50	2
