101
200
140	8
139	7
138	6
137	8
136	12
135	8
134	4
133	4
132	5
131	6
130	8
129	11
128	9
127	5
126	7
125	5
124	8
123	5
122	4
121	14
120	13
119	6
118	3
117	6
116	3
115	3
114	8
113	14
112	3
111	7
110	8
109	13
108	6
107	9
106	10
105	6
104	7
103	3
102	3
101	8
100	5
99	6
98	8
97	15
96	5
95	13
94	9
93	2
92	7
91	8
90	8
89	12
88	5
87	7
86	10
85	8
84	5
83	9
82	5
81	9
80	10
79	6
78	3
77	4
76	17
75	8
74	12
73	8
72	13
71	11
70	9
69	3
68	6
67	11
66	11
65	5
64	5
63	11
62	6
61	4
60	6
59	4
58	8
57	8
56	7
55	6
54	6
53	11
52	3
51	2
50	9
49	4
48	9
47	8
46	7
45	6
44	6
43	11
42	9
41	10
40	8
