151
300
210	8
209	7
208	10
207	5
206	5
205	3
204	6
203	9
202	5
201	4
200	7
199	7
198	8
197	2
196	7
195	10
194	8
193	6
192	13
191	5
190	3
189	4
188	8
187	6
186	5
185	11
184	13
183	3
182	9
181	9
180	5
179	6
178	9
177	10
176	5
175	6
174	3
173	1
172	5
171	6
170	7
169	6
168	3
167	3
166	4
165	4
164	5
163	4
162	10
161	4
160	6
159	7
158	8
157	2
156	5
155	6
154	5
153	6
152	4
151	4
150	5
149	8
148	9
147	4
146	6
145	6
144	12
143	4
142	7
141	10
140	3
139	5
138	7
137	8
136	6
135	8
134	5
133	7
132	8
131	5
130	5
129	6
128	9
127	6
126	7
125	5
124	5
123	5
122	9
121	1
120	5
119	5
118	4
117	5
116	6
115	4
114	4
113	5
112	9
111	6
110	4
109	10
108	12
107	6
106	11
105	6
104	5
103	7
102	9
101	5
100	9
99	13
98	6
97	10
96	8
95	10
94	7
93	5
92	10
91	4
90	9
89	2
88	2
87	8
86	5
85	6
84	5
83	6
82	10
81	8
80	8
79	8
78	5
77	10
76	7
75	5
74	8
73	11
72	9
71	13
70	5
69	12
68	8
67	11
66	6
65	8
64	5
63	13
62	6
61	9
60	6
