271
400
320	1
319	5
318	4
317	4
316	3
315	4
314	4
313	4
312	3
311	5
310	3
309	7
308	2
307	6
306	1
305	5
303	9
302	3
301	2
300	3
298	4
297	3
296	1
295	2
294	3
293	1
291	3
290	5
289	5
288	3
287	6
286	3
285	4
284	4
283	3
282	3
281	4
280	2
278	5
277	5
276	2
275	5
274	5
273	4
272	3
271	5
270	5
269	5
268	4
267	2
266	4
265	1
264	3
263	3
262	2
261	7
260	3
259	4
258	6
257	5
256	5
255	1
254	3
253	5
252	5
251	6
250	4
249	6
248	3
247	3
245	4
244	3
243	4
242	5
240	3
238	4
237	5
236	3
235	6
234	5
233	5
232	6
231	4
230	3
229	5
227	4
226	5
225	3
224	3
223	4
222	2
221	3
220	2
219	5
218	2
217	3
216	1
215	4
214	4
213	2
212	3
211	2
210	1
209	5
208	3
207	2
206	6
205	1
204	4
203	7
202	3
201	4
200	2
199	2
198	3
197	5
196	2
195	1
194	5
193	3
192	1
191	4
190	5
189	4
188	5
187	5
186	3
185	2
184	1
183	5
182	2
181	4
180	3
179	3
178	5
177	1
176	3
175	2
174	6
173	5
172	4
171	3
170	4
169	5
168	1
167	4
166	3
165	6
164	4
163	2
161	4
160	4
159	4
158	5
157	4
156	4
155	4
154	2
153	8
152	4
151	4
150	3
149	7
148	5
147	1
146	8
145	7
144	4
143	2
142	4
141	1
140	3
139	2
138	6
137	5
136	4
135	3
134	4
133	4
132	1
131	2
130	2
129	5
128	2
127	3
126	3
124	3
123	3
122	5
121	2
120	5
119	2
118	2
117	1
116	6
115	6
114	7
113	3
112	5
111	5
110	4
109	5
108	3
107	2
106	1
105	2
104	4
103	9
102	2
101	2
100	3
99	6
98	3
97	10
96	3
95	3
94	3
93	2
92	2
91	2
90	2
89	1
88	4
87	3
86	1
85	4
84	4
83	1
82	3
81	2
80	1
79	3
78	5
77	2
76	6
75	1
74	1
73	5
72	5
71	4
70	2
69	2
68	4
67	9
66	4
65	2
64	3
63	3
62	4
61	9
60	5
59	5
58	6
57	2
56	7
55	3
54	3
53	4
52	2
51	9
50	3
49	4
48	4
47	2
46	3
45	7
44	6
43	3
42	4
41	4
40	3
