496
1000
700	1
699	5
698	3
697	1
696	2
695	2
694	3
693	2
692	2
691	2
690	1
689	2
688	2
687	1
686	1
685	3
684	2
683	3
682	2
680	2
679	2
676	3
675	1
674	2
673	1
672	5
671	2
670	1
669	1
668	3
667	1
666	2
665	2
662	2
660	3
659	2
657	3
656	1
655	3
654	1
653	2
652	1
651	3
650	1
649	2
648	2
647	1
646	4
644	1
643	3
642	1
641	4
640	1
639	4
638	1
637	2
636	1
635	2
634	2
633	2
631	4
630	1
629	1
627	3
626	3
625	2
624	1
623	4
622	3
621	2
620	2
619	2
617	3
615	2
614	2
613	2
612	2
610	2
609	2
608	3
606	2
604	2
603	3
602	1
600	4
599	3
598	1
597	2
596	3
595	4
594	1
593	2
592	1
591	3
590	1
589	2
588	2
587	1
586	1
585	2
584	1
583	2
582	5
580	1
579	1
578	2
577	2
576	5
574	1
571	2
570	1
569	1
568	1
567	2
566	2
565	1
564	2
563	1
562	2
561	3
560	1
559	6
558	2
557	2
556	2
555	2
554	3
553	1
552	4
550	1
549	7
548	1
547	5
546	4
545	1
544	1
543	2
541	1
540	2
539	3
538	1
537	3
536	1
535	2
533	2
532	3
531	2
530	3
529	1
528	4
527	3
526	1
524	1
523	1
522	2
521	3
520	5
519	1
518	1
517	3
516	1
514	2
513	1
512	1
511	2
510	2
508	2
507	2
506	2
505	3
504	1
503	2
502	1
499	2
497	1
496	1
494	2
493	1
492	3
491	4
488	3
487	1
486	2
485	3
483	1
482	1
481	1
480	2
479	2
478	1
477	2
476	1
475	1
474	2
473	2
472	2
469	1
468	1
467	2
465	1
464	1
463	2
462	2
461	4
460	3
459	2
458	3
457	1
456	3
454	2
453	1
452	3
450	3
448	1
446	2
445	1
443	2
441	2
439	1
438	4
437	3
436	2
435	2
434	1
433	1
432	2
431	1
430	2
428	2
427	3
426	1
424	3
423	4
422	1
421	2
420	1
419	4
417	1
416	1
415	3
414	1
410	3
409	3
408	1
407	1
406	3
405	2
404	2
403	3
402	2
401	3
400	1
399	1
397	1
396	2
394	2
392	2
391	1
390	1
388	2
387	2
386	4
385	1
384	1
383	1
382	1
381	2
379	2
377	2
376	2
375	4
374	3
373	3
372	3
369	2
368	2
367	5
366	4
365	2
364	1
363	2
362	1
361	3
360	1
359	2
358	1
357	1
355	2
354	2
353	3
352	2
351	2
350	2
349	4
348	4
347	3
346	1
345	3
344	2
343	3
342	2
341	3
340	2
339	1
338	1
337	4
336	2
335	3
334	1
333	2
332	2
331	1
330	3
329	2
328	1
327	3
325	4
324	3
323	1
322	1
320	1
319	2
318	3
317	2
315	5
314	2
312	2
311	1
307	2
305	1
304	1
303	3
302	2
301	1
299	1
298	2
297	4
296	1
294	3
293	2
292	3
290	1
289	4
288	2
286	2
285	1
282	2
280	2
279	3
277	3
276	3
274	2
273	4
272	6
271	1
270	1
268	2
267	1
266	2
264	1
263	2
262	3
261	1
260	1
259	2
258	4
257	2
256	2
255	2
254	1
252	1
251	1
250	2
249	2
248	2
247	1
246	1
245	1
243	1
242	3
241	3
240	2
239	2
238	1
237	1
236	2
235	3
234	2
233	4
232	2
231	3
230	5
229	1
228	2
227	2
225	1
224	3
223	2
222	1
221	2
217	1
216	2
215	1
214	1
212	1
211	1
210	3
209	4
208	4
205	1
204	4
203	1
202	1
201	1
200	2
199	2
198	1
196	4
195	2
193	2
191	1
190	2
189	1
187	2
186	1
185	1
184	1
183	1
182	1
181	2
180	1
179	1
178	2
177	3
175	1
174	1
173	2
172	3
171	3
170	2
168	1
167	5
166	1
165	1
164	1
162	3
161	2
160	1
159	2
158	2
157	2
155	3
153	2
152	1
151	2
150	1
149	1
148	2
147	2
146	4
145	3
144	2
142	1
141	1
140	2
139	1
138	2
137	1
133	2
132	2
131	1
129	1
128	1
127	2
126	1
125	1
124	2
123	1
122	1
121	3
120	3
118	2
116	2
115	2
113	1
112	2
111	3
110	2
109	3
108	1
107	1
105	1
103	3
102	1
101	2
100	1
