121
200
140	7
139	10
138	14
137	5
136	12
135	8
134	8
133	9
132	8
131	11
130	5
129	6
128	5
127	6
126	11
125	5
124	7
123	9
122	10
121	9
120	4
119	4
118	9
117	11
116	8
115	4
114	8
113	8
112	12
111	6
110	4
109	6
108	7
107	7
106	8
105	11
104	5
103	6
102	9
101	4
100	5
99	12
98	8
97	8
96	7
95	7
94	11
93	7
92	15
91	15
90	10
89	5
88	4
87	8
86	9
85	4
84	11
83	4
82	9
81	6
80	13
79	9
78	9
77	8
76	9
75	6
74	11
73	12
72	7
71	3
70	13
69	12
68	12
67	6
66	10
65	14
64	8
63	7
62	11
61	8
60	6
59	5
58	9
57	4
56	10
55	7
54	7
53	5
52	7
51	6
50	7
49	9
48	12
47	19
46	6
45	7
44	13
43	7
42	14
41	8
40	6
39	7
38	14
37	7
36	7
35	8
34	9
33	15
32	11
31	8
30	7
29	9
28	11
27	6
26	6
25	7
24	9
23	5
22	6
21	8
20	7
