210
300
240	7
239	5
238	9
237	5
236	2
235	7
234	7
233	6
232	7
231	5
230	8
229	7
228	3
227	5
226	4
225	4
224	3
223	6
222	4
221	4
220	5
219	5
218	11
217	2
216	3
215	3
214	1
213	4
212	6
211	7
210	3
209	7
208	5
207	8
206	5
205	5
204	6
203	6
202	7
201	8
200	5
199	2
198	9
197	8
196	6
195	10
194	3
193	6
192	6
191	3
190	6
189	6
188	5
187	2
186	3
185	4
184	2
183	3
182	2
181	3
180	5
179	5
178	2
177	3
176	6
175	6
174	5
173	7
172	7
171	5
170	2
169	6
168	4
167	4
166	5
165	4
164	3
163	2
162	6
161	7
160	1
159	1
158	4
157	4
156	2
155	6
154	2
153	8
152	2
151	8
150	5
149	2
148	4
147	1
146	2
145	4
144	7
143	5
142	4
141	4
140	6
139	2
138	1
137	5
136	10
135	4
134	4
133	3
132	3
131	4
130	5
129	5
128	2
127	7
126	7
125	3
124	4
123	4
122	1
121	8
120	6
119	3
118	3
117	7
116	4
115	4
114	3
113	7
112	2
111	6
110	4
109	5
108	5
107	4
106	5
105	6
104	4
103	3
102	5
101	6
100	7
99	5
97	5
96	3
95	3
94	4
93	2
92	1
91	5
90	4
89	3
88	8
87	2
86	6
85	1
84	11
83	6
82	7
81	3
80	3
79	3
78	5
77	4
76	7
75	3
74	4
73	2
72	4
71	5
70	4
69	6
68	4
67	4
66	3
65	5
64	3
63	9
62	4
61	8
60	7
59	3
58	5
57	8
56	8
55	4
54	6
53	7
52	6
51	6
50	6
49	4
48	1
47	1
46	1
45	3
44	7
43	9
42	13
41	6
40	5
39	8
38	4
37	7
36	6
35	10
34	3
33	2
32	3
31	4
30	2
