173
1000
700	1
698	1
693	1
685	1
684	2
676	1
665	1
663	1
662	1
661	1
655	1
654	2
649	1
644	1
642	1
639	1
637	1
631	1
630	1
628	1
619	1
612	1
610	1
609	1
601	1
599	2
598	2
592	1
590	1
585	1
579	1
575	1
574	1
572	1
571	1
560	1
550	1
545	1
542	1
534	1
528	1
523	1
522	1
521	1
517	1
515	1
511	1
509	1
504	2
503	1
500	1
491	1
487	1
486	1
482	1
480	1
477	1
473	1
470	1
463	1
459	1
453	1
452	1
450	1
446	1
445	1
439	1
434	1
430	1
428	2
421	2
420	1
419	1
417	1
415	1
414	1
412	1
410	1
409	1
407	1
401	1
400	1
398	1
395	1
391	2
389	1
388	1
384	2
373	1
371	1
367	2
364	1
359	3
358	1
351	1
350	1
343	1
336	2
333	2
332	1
331	1
330	1
329	1
327	1
325	1
320	1
319	1
314	1
310	2
308	1
307	1
297	2
292	1
285	1
283	1
278	1
277	1
276	2
275	1
274	1
272	2
271	1
269	1
267	1
265	1
256	1
254	1
249	1
248	1
246	1
245	1
240	1
237	1
233	1
232	1
230	2
229	1
225	1
219	2
215	1
213	1
208	1
206	1
202	2
197	2
196	1
189	1
187	1
185	2
184	1
180	1
174	1
170	1
164	2
158	1
157	1
151	1
141	1
134	1
133	2
132	1
131	1
129	1
125	1
124	1
122	3
120	1
118	1
112	1
108	1
103	1
102	1
101	1
