180
300
240	6
239	5
238	2
237	4
236	4
235	4
234	9
233	4
232	1
231	3
230	6
229	7
228	2
227	4
226	8
225	5
224	8
223	4
222	4
221	7
220	3
219	5
218	1
217	4
216	8
215	8
214	4
213	9
212	2
211	7
210	4
209	3
208	5
207	4
206	3
205	1
204	8
203	3
201	6
200	6
199	2
198	7
197	11
196	7
195	4
194	5
193	4
192	6
191	6
190	9
189	2
188	1
187	9
186	11
185	7
184	5
183	3
182	10
181	7
180	5
179	3
178	4
177	4
176	8
175	5
174	6
173	5
172	5
171	6
170	10
169	5
168	7
167	6
166	9
165	5
164	3
163	7
162	5
161	3
160	3
159	9
158	3
157	3
156	7
155	3
154	5
153	5
152	9
151	6
150	7
149	6
148	7
147	3
146	5
145	4
144	9
143	6
142	6
141	5
140	6
139	4
138	6
137	6
136	7
135	7
134	6
133	7
132	7
131	7
130	7
129	6
128	4
127	7
126	4
125	5
124	7
123	8
122	1
121	5
120	4
119	6
118	4
117	4
116	3
115	5
114	4
113	7
112	6
111	5
110	5
109	6
108	7
107	7
106	6
105	8
104	7
103	8
102	6
101	6
100	7
99	5
98	6
97	4
96	5
95	3
94	6
93	5
92	3
91	7
90	8
89	7
88	8
87	9
86	8
85	10
84	5
83	5
82	2
81	10
80	3
79	7
78	11
77	3
76	3
75	5
74	8
73	1
72	6
71	6
70	4
69	11
68	6
67	2
66	5
65	2
64	3
63	7
62	11
61	7
60	6
