233
750
598	1
590	2
587	1
585	1
583	2
579	2
577	1
576	1
575	1
569	1
568	1
567	1
566	1
563	1
562	2
561	1
559	1
556	2
555	1
554	1
552	1
551	2
543	1
540	2
537	1
533	2
532	1
531	3
530	1
528	1
527	1
525	1
523	1
522	1
521	1
520	2
519	1
516	2
515	1
513	1
511	1
510	2
506	1
504	1
503	1
502	1
501	1
496	1
491	1
490	1
488	1
487	1
486	1
484	1
480	2
478	1
475	1
471	1
468	4
467	1
466	2
463	1
461	1
460	1
458	1
454	1
452	1
449	1
446	1
445	3
444	1
440	1
435	1
431	1
427	1
426	1
424	2
422	1
420	1
415	2
413	1
412	1
409	1
408	2
404	2
401	1
400	2
397	2
394	1
393	1
391	1
390	1
388	2
387	1
384	1
383	1
381	2
380	3
375	1
373	1
372	1
369	2
364	1
362	1
361	1
360	3
359	1
354	1
353	1
351	1
350	2
344	1
343	1
342	2
341	1
336	1
331	2
329	2
328	1
327	1
326	1
325	1
323	2
320	1
319	1
317	1
312	1
311	2
310	1
307	2
303	1
298	1
296	1
290	3
289	2
288	1
287	1
285	1
281	2
278	2
272	1
271	1
268	2
267	1
266	1
264	1
263	1
260	1
259	1
258	1
257	2
254	1
251	1
249	1
248	2
246	1
239	1
237	1
232	2
231	1
230	1
228	2
225	1
224	1
222	1
221	1
220	1
219	1
217	1
212	2
211	1
209	1
206	2
203	1
202	1
199	1
198	3
197	1
196	2
194	2
193	1
185	1
184	1
182	1
179	2
177	2
176	1
175	1
174	2
173	2
172	2
168	1
167	1
163	1
162	1
158	1
157	1
156	1
151	1
150	1
149	1
145	1
142	2
140	1
138	1
134	1
133	1
132	1
128	1
127	1
126	1
125	1
124	1
121	1
118	1
117	1
115	1
114	1
113	1
112	1
108	1
106	2
105	1
104	2
101	3
94	2
92	1
91	1
88	1
86	1
82	1
81	1
79	1
