178
400
320	1
319	1
318	3
317	1
316	1
314	1
313	1
311	1
310	2
309	2
308	2
307	2
305	1
304	1
303	1
302	1
301	2
300	1
299	3
296	2
293	1
291	2
289	2
288	1
287	2
286	3
285	1
284	2
282	1
281	1
280	1
279	1
278	3
277	1
275	1
274	1
272	1
271	2
270	1
269	2
266	3
264	2
263	1
262	1
261	3
260	4
259	3
257	1
255	1
254	1
253	1
252	1
251	1
250	1
249	1
248	2
247	2
246	1
244	2
243	1
241	1
240	1
239	3
238	1
237	2
235	3
233	1
231	1
230	4
229	2
228	1
227	1
225	3
224	2
223	2
221	2
220	2
219	1
218	1
217	2
216	1
215	3
214	2
213	1
211	1
210	2
209	1
208	1
207	4
206	2
205	1
203	1
202	1
201	3
200	1
199	3
198	1
196	2
195	1
194	1
191	2
190	2
189	1
188	1
187	1
184	3
183	1
182	1
181	2
180	1
179	2
178	1
176	2
175	1
174	2
172	2
170	2
169	1
168	1
167	4
166	2
164	1
163	1
158	2
157	3
155	3
154	6
153	1
151	1
150	1
146	1
145	1
144	1
142	1
141	1
138	2
137	1
136	1
135	4
134	2
132	3
128	2
127	1
125	2
123	1
122	4
121	1
119	2
118	2
117	1
116	3
115	1
114	1
112	1
111	1
109	2
108	2
106	1
105	1
104	1
103	1
102	1
101	1
100	2
99	2
98	2
97	3
96	1
94	4
92	1
90	2
87	2
85	3
84	2
83	3
82	2
81	1
80	3
