369
750
525	1
524	1
523	2
522	1
521	2
520	2
519	1
518	2
516	2
515	1
514	2
513	2
512	1
511	4
510	1
509	1
508	1
507	1
506	3
505	1
504	2
503	1
502	1
501	1
500	3
499	1
498	3
497	1
496	3
495	3
494	1
493	1
492	1
491	2
490	2
489	1
488	1
487	4
486	1
484	1
483	1
481	2
480	3
478	4
477	1
476	4
475	3
474	1
471	1
470	2
469	1
468	1
467	1
466	1
465	4
464	2
463	1
462	3
460	1
459	2
457	3
453	3
450	2
449	1
448	2
446	1
445	1
443	1
442	1
441	3
440	1
439	4
438	2
437	1
436	1
435	1
433	6
431	3
430	2
429	1
428	2
427	5
426	2
425	3
424	1
423	1
422	2
421	4
420	1
419	4
418	1
417	2
416	1
415	2
413	1
412	2
411	1
410	2
408	2
407	3
406	1
404	2
403	4
401	1
400	2
399	3
398	3
397	2
395	2
393	2
392	2
391	3
390	2
389	2
386	2
385	2
383	3
382	2
381	1
380	3
379	1
377	1
375	3
374	2
373	4
372	4
371	1
369	1
368	1
367	2
366	3
365	1
364	2
363	1
362	1
361	2
360	2
358	1
357	1
356	1
354	1
352	2
351	1
350	2
348	1
346	2
345	1
344	2
343	2
342	1
341	2
340	1
339	2
338	2
337	1
336	1
335	2
334	2
333	1
332	2
330	3
329	4
327	2
326	4
325	1
324	3
323	2
321	1
319	1
318	2
317	3
316	1
315	1
314	4
313	1
312	5
310	2
309	1
308	1
307	1
306	4
303	3
302	2
300	1
299	2
298	1
297	1
296	1
294	1
293	2
291	1
290	2
289	1
288	4
287	5
286	3
285	1
284	3
283	3
282	4
280	3
279	2
278	5
277	1
276	2
275	2
274	1
273	2
272	1
270	1
269	3
268	4
267	5
266	2
265	1
264	1
262	2
261	1
260	2
259	3
258	1
257	2
256	1
255	2
254	1
253	1
252	3
249	1
248	1
247	1
246	6
244	1
242	2
241	3
236	1
235	3
234	3
233	1
232	2
231	1
229	1
228	1
227	3
225	2
224	2
223	1
221	3
220	3
218	2
217	2
216	4
214	2
213	1
212	3
211	1
209	1
208	1
207	2
206	2
205	1
204	3
203	2
202	2
201	1
200	4
198	1
197	2
196	4
195	2
194	4
193	1
192	4
190	1
189	1
188	2
186	2
185	2
184	2
183	1
182	1
181	3
179	3
176	2
175	2
173	1
172	1
170	5
169	1
167	1
165	3
164	2
163	2
162	4
161	1
160	1
159	1
158	3
157	3
156	3
155	1
154	2
153	1
151	3
150	1
149	4
148	1
147	1
146	2
145	2
144	2
143	3
140	5
139	1
138	3
137	2
136	5
135	1
134	2
133	3
132	1
131	1
130	2
129	1
128	7
127	1
126	1
125	4
124	3
123	1
122	1
121	1
120	2
119	2
117	2
116	3
115	3
114	2
113	1
112	1
111	3
108	3
107	3
106	1
103	2
102	4
101	5
100	3
99	1
98	1
97	2
96	1
95	3
94	5
93	2
91	3
90	3
89	2
88	2
87	1
86	3
85	2
83	2
82	2
81	8
80	3
79	1
78	2
77	3
76	1
