201
400
280	1
279	3
278	1
277	1
276	2
275	2
273	1
272	2
271	2
270	4
269	3
267	3
266	1
264	2
263	1
262	2
260	3
259	1
258	1
257	2
255	1
253	1
251	3
250	3
249	2
247	1
246	1
245	3
244	1
243	2
242	1
241	1
240	2
239	2
238	2
236	1
234	6
233	1
232	1
231	3
230	1
229	1
228	1
227	1
226	4
225	2
224	1
222	1
221	2
220	2
219	1
218	2
217	6
215	5
214	2
213	2
212	2
211	4
209	1
208	3
207	2
206	6
205	2
204	2
203	1
202	2
201	2
200	1
198	2
197	2
196	2
195	1
194	2
193	1
192	1
191	2
189	2
188	1
186	1
185	5
184	2
183	2
182	1
181	2
180	1
179	1
178	1
177	2
175	3
173	2
172	2
170	3
169	1
168	2
167	2
166	2
165	1
164	2
162	2
160	3
158	1
155	1
154	1
153	1
152	1
151	2
149	1
148	1
147	1
146	5
145	2
144	2
142	2
141	2
140	1
139	2
138	2
137	2
136	4
135	1
134	2
133	1
131	2
130	1
129	3
128	1
127	1
126	1
125	1
124	2
123	1
122	2
121	2
120	1
119	2
118	1
117	1
116	2
115	1
114	4
113	2
112	2
111	1
110	2
108	2
107	2
105	2
103	3
102	4
100	4
98	2
97	2
96	3
95	3
94	2
93	2
92	1
91	1
89	2
88	1
87	1
85	3
83	1
82	1
81	1
80	2
79	2
78	2
77	3
76	2
75	1
74	4
73	3
72	3
71	1
70	4
69	2
67	1
66	4
65	2
63	5
62	3
61	5
60	4
59	1
57	1
56	1
55	2
54	1
53	2
52	3
51	5
50	5
49	1
47	1
46	2
45	1
44	1
43	4
41	1
40	1
