348
1000
699	1
697	2
695	1
694	1
693	1
692	1
691	1
690	1
686	2
682	1
680	1
679	1
678	1
676	3
673	1
672	1
670	1
669	1
668	1
667	2
664	1
662	1
661	1
659	1
657	1
651	1
649	1
647	1
644	1
639	1
634	1
633	1
632	1
630	1
629	1
623	1
618	1
612	1
608	1
607	1
606	1
604	1
603	1
602	1
601	2
600	1
599	1
595	1
594	3
592	2
591	1
590	5
589	2
586	1
585	2
581	2
580	1
579	1
578	1
576	2
575	2
574	1
573	2
572	3
571	1
570	2
569	2
568	1
566	1
564	1
563	1
562	2
558	2
557	1
554	1
553	1
551	1
550	1
549	1
546	1
545	1
542	2
538	2
536	1
533	4
531	1
529	1
528	1
526	1
525	2
519	3
518	1
515	1
512	1
511	1
508	1
506	1
505	1
503	2
497	1
494	1
493	1
492	2
491	1
490	2
489	1
488	1
486	1
484	2
482	5
481	2
478	2
477	2
476	1
475	1
473	1
472	1
471	1
470	2
468	3
467	1
466	1
464	2
463	1
461	1
460	2
459	1
457	1
456	1
453	2
452	5
451	2
450	1
448	1
447	1
446	1
445	1
444	3
443	3
440	2
434	2
433	1
431	1
430	1
426	2
425	1
424	2
421	1
420	1
417	1
416	3
415	1
414	1
412	1
411	3
410	1
405	1
403	1
402	2
401	1
400	1
397	2
396	1
393	1
392	2
390	2
389	2
388	1
387	2
386	1
384	1
377	1
376	2
374	1
373	1
371	1
369	1
368	1
366	5
365	1
359	2
357	1
354	2
353	1
352	2
349	1
345	2
344	1
343	2
342	1
340	3
339	1
338	2
337	4
335	1
331	2
327	2
326	3
325	2
324	2
323	1
322	1
320	2
318	1
317	1
315	2
312	1
311	1
310	1
307	2
303	1
302	1
300	1
298	1
297	1
295	2
291	1
290	2
289	1
287	1
285	1
283	1
282	1
281	2
280	3
279	1
278	1
276	3
275	2
274	2
272	1
270	1
266	2
265	1
262	1
261	1
258	1
257	1
256	1
255	2
254	1
253	3
252	1
250	2
249	1
246	2
243	1
241	1
238	1
237	1
236	2
235	1
234	3
233	1
232	1
231	2
230	1
229	2
228	1
227	1
226	2
225	1
224	1
222	1
217	1
216	1
214	1
213	1
212	1
210	1
209	1
208	1
205	1
204	1
203	1
202	1
200	1
199	2
198	1
197	1
196	2
195	1
194	2
193	1
192	1
191	1
190	1
189	1
188	1
187	1
186	1
185	2
183	2
182	2
181	1
179	1
178	1
177	2
176	3
175	2
174	1
172	2
170	1
169	3
168	1
167	1
166	1
165	1
163	1
162	2
160	1
159	1
158	2
156	1
155	1
154	1
153	2
152	3
151	1
150	3
149	2
148	1
146	1
145	1
144	1
143	1
142	2
141	2
140	1
138	2
136	1
130	1
129	1
128	3
127	1
126	3
123	1
122	1
121	1
120	1
119	2
117	1
116	1
112	1
109	3
104	2
101	2
100	1
