180
400
278	2
277	1
276	1
275	1
274	2
273	5
272	1
271	1
269	1
268	1
267	1
266	2
265	1
264	5
263	1
262	1
259	1
257	4
256	2
255	1
254	1
253	1
251	1
249	2
248	2
246	2
245	2
244	1
243	1
242	1
241	1
240	2
239	3
238	1
237	1
236	3
234	1
233	1
232	1
231	1
230	1
228	1
227	2
226	2
222	1
221	1
218	1
217	1
216	1
215	1
214	1
211	1
210	1
207	2
206	1
205	1
203	2
202	4
200	1
199	2
198	2
197	1
196	2
195	1
194	1
193	3
191	3
190	1
189	3
187	3
184	1
183	3
182	1
181	1
180	2
179	3
177	4
176	2
175	1
174	1
172	1
171	2
169	1
167	2
165	1
164	1
163	2
162	1
160	1
159	2
158	1
157	1
155	1
154	3
153	1
152	2
151	1
150	2
149	2
148	1
147	1
146	2
145	2
140	3
139	1
138	2
137	1
136	2
134	1
132	1
131	3
130	1
129	1
128	3
125	1
124	6
121	1
120	2
119	2
118	1
117	2
116	5
115	1
114	2
112	4
111	2
110	1
109	2
107	3
106	2
105	2
103	1
99	1
98	1
97	1
96	4
95	2
93	1
91	1
89	1
88	1
87	2
85	2
83	1
82	2
79	1
78	1
77	2
76	4
73	2
72	2
71	1
70	1
69	1
68	1
67	2
66	2
64	1
63	1
62	3
61	3
60	1
59	1
58	1
56	1
55	1
54	3
53	2
52	1
50	2
49	2
48	1
47	1
46	1
45	2
44	1
43	2
42	2
41	2
40	1
