237
500
400	2
397	3
396	2
395	4
393	3
392	2
390	3
388	1
387	1
386	3
385	3
384	2
383	2
382	2
381	2
379	2
378	2
377	2
376	5
375	1
374	2
373	2
372	1
371	3
368	2
367	1
366	4
364	4
362	2
361	2
360	2
359	3
358	2
357	3
356	2
355	2
354	1
353	2
352	5
351	2
349	2
348	2
347	2
345	4
344	2
343	2
342	1
341	1
340	1
339	3
338	3
336	2
335	3
334	1
333	3
332	1
330	2
329	4
328	2
327	2
326	1
325	1
324	6
323	1
322	1
321	2
320	2
319	1
318	1
317	1
316	1
315	1
312	2
311	3
310	7
309	2
308	1
307	2
306	1
305	1
304	1
303	1
302	2
301	3
300	1
298	1
297	3
296	4
295	5
294	4
293	2
292	3
291	2
290	1
289	3
288	2
287	1
286	3
285	4
284	3
283	1
282	1
281	1
280	2
278	3
276	4
275	1
274	2
273	3
271	3
270	2
267	4
265	2
264	1
261	2
260	1
259	1
258	2
256	2
255	3
254	2
253	4
251	2
250	2
249	2
245	2
243	1
242	3
241	1
239	2
238	2
237	4
236	2
234	1
233	3
230	2
229	3
228	3
227	2
226	1
222	3
221	3
219	4
218	2
217	1
216	1
215	1
214	1
213	5
212	1
211	4
209	1
208	1
207	3
205	1
203	2
202	3
201	3
200	2
199	3
197	4
195	2
194	2
192	1
191	1
190	1
189	1
188	2
186	2
184	1
181	1
180	1
179	1
178	3
177	4
176	1
175	3
174	1
173	2
172	2
171	1
170	3
169	1
168	1
167	2
165	2
164	1
163	3
162	2
161	2
160	2
159	2
157	3
156	5
155	1
153	2
152	1
151	3
150	3
149	1
148	2
147	3
146	2
145	3
144	2
143	2
141	1
140	2
139	3
138	1
137	4
134	1
133	1
132	1
131	1
129	1
128	2
126	1
125	1
124	2
122	4
121	4
119	2
118	1
116	1
115	1
114	1
112	2
109	2
107	1
106	3
105	2
104	1
103	1
102	4
101	1
100	2
