189
500
349	1
348	2
346	1
344	4
343	2
342	2
340	1
338	1
337	2
336	3
335	1
334	1
333	3
331	3
330	2
328	1
327	1
326	1
324	1
322	1
321	3
320	1
318	1
317	1
315	1
312	4
311	1
309	1
308	2
307	1
302	1
301	2
300	2
299	4
298	3
296	1
295	1
294	1
293	1
292	2
291	5
290	3
289	2
288	1
287	1
286	1
283	2
282	1
275	2
273	1
272	1
271	2
268	2
267	2
264	1
261	2
258	1
257	2
256	1
254	1
253	1
252	1
249	2
248	1
247	1
246	1
245	1
243	1
241	2
240	2
239	2
238	1
236	3
228	1
226	1
224	1
223	2
222	1
221	2
218	1
217	1
216	1
214	1
213	1
212	2
208	3
205	2
204	1
202	2
201	2
200	2
199	2
198	1
196	1
195	1
193	1
192	1
190	1
189	4
188	2
187	2
186	1
185	1
184	1
182	1
180	1
179	1
177	2
176	1
175	2
174	1
173	1
171	3
170	3
168	1
167	1
165	2
164	2
163	2
162	1
160	1
159	1
158	1
156	2
153	1
150	1
148	1
145	3
143	4
142	3
141	2
140	2
139	1
137	1
135	1
133	1
131	1
128	1
127	1
126	1
124	2
123	2
122	2
120	2
119	1
118	1
113	1
112	2
111	3
110	1
109	3
107	1
106	2
105	2
104	3
103	2
102	1
101	1
98	1
97	1
96	2
95	1
94	3
92	1
91	3
88	1
86	1
84	1
83	1
80	2
79	1
77	1
74	1
70	1
67	2
66	1
64	2
63	2
61	2
60	1
59	1
58	1
56	5
55	1
54	1
53	1
52	2
51	1
50	1
