288
1000
699	1
697	3
696	1
694	1
693	1
692	1
690	1
689	1
688	1
685	1
684	1
682	1
681	1
680	1
679	1
678	1
675	1
673	2
672	1
667	1
666	2
665	1
662	1
661	1
660	1
659	2
658	1
657	1
656	2
653	2
652	1
650	1
646	1
645	2
643	2
640	2
637	1
635	1
630	1
629	1
624	1
623	1
621	1
620	1
617	1
616	2
615	1
612	1
611	1
606	1
605	1
604	1
602	1
601	2
600	1
598	1
597	1
596	2
594	3
585	1
581	1
578	1
577	1
575	1
572	1
571	1
570	2
569	1
568	1
563	1
561	1
557	1
555	1
553	1
546	2
545	1
541	1
540	1
539	2
536	1
532	1
528	1
527	1
526	1
525	1
524	1
520	2
518	1
517	1
514	1
512	3
508	3
502	3
499	2
497	3
493	1
489	2
488	3
484	1
483	1
482	1
481	1
480	1
479	2
478	1
475	2
471	1
467	1
466	1
463	1
460	1
457	3
455	1
452	1
450	1
449	1
447	1
444	1
442	1
439	1
438	2
431	2
429	1
428	1
425	2
424	1
423	1
422	1
419	2
418	1
417	1
416	1
415	1
414	1
413	1
412	1
410	1
407	3
404	1
403	1
399	2
396	1
394	2
393	1
385	1
383	1
382	1
379	1
378	3
377	2
375	3
373	1
372	1
371	1
370	2
366	2
365	1
364	2
363	1
362	1
359	2
357	1
356	2
352	2
351	1
350	2
349	1
342	1
341	2
340	2
337	1
336	3
333	1
332	2
330	1
327	2
325	2
324	2
323	1
322	1
319	1
318	3
316	1
315	1
310	1
307	2
305	4
304	1
302	1
301	1
295	1
294	1
293	2
292	1
290	1
288	1
287	1
285	1
284	1
283	1
280	1
273	2
272	1
271	1
268	1
265	2
264	2
263	2
262	1
261	1
259	3
256	3
251	2
239	1
235	1
233	1
232	3
230	1
228	1
226	1
225	1
223	2
222	1
221	1
219	1
218	1
217	2
214	1
212	2
208	2
206	2
205	1
202	1
201	2
197	1
193	1
190	2
188	2
185	1
184	1
183	2
182	3
181	4
179	1
178	2
177	2
176	1
175	1
174	2
173	1
170	1
169	1
167	1
166	1
165	1
164	1
162	1
161	2
158	2
155	1
153	1
150	2
148	3
146	1
144	2
143	1
141	1
140	2
138	2
137	1
136	1
134	1
132	2
130	1
128	2
125	1
122	1
120	1
118	1
117	2
114	1
111	1
110	2
108	1
106	2
105	2
104	1
100	1
