91
150
120	5
119	8
118	8
117	12
116	8
115	7
114	11
113	5
112	7
111	9
110	9
109	13
108	10
107	8
106	6
105	5
104	9
103	7
102	4
101	8
100	11
99	6
98	12
97	10
96	9
95	11
94	7
93	9
92	12
91	9
90	7
89	15
88	4
87	7
86	13
85	4
84	3
83	6
82	7
81	11
80	11
79	9
78	9
77	7
76	12
75	6
74	6
73	9
72	9
71	8
70	9
69	13
68	8
67	3
66	15
65	11
64	11
63	14
62	8
61	7
60	7
59	11
58	8
57	8
56	9
55	10
54	4
53	10
52	12
51	5
50	7
49	7
48	5
47	8
46	6
45	10
44	6
43	7
42	8
41	2
40	8
39	7
38	7
37	7
36	14
35	7
34	3
33	6
32	13
31	5
30	6
