121
200
160	6
159	9
158	10
157	5
156	4
155	11
154	5
153	6
152	11
151	9
150	6
149	9
148	6
147	12
146	9
145	6
144	13
143	12
142	12
141	10
140	5
139	6
138	7
137	12
136	7
135	10
134	6
133	9
132	11
131	5
130	3
129	3
128	10
127	6
126	10
125	9
124	7
123	9
122	10
121	8
120	7
119	11
118	6
117	9
116	7
115	14
114	11
113	11
112	10
111	16
110	9
109	6
108	8
107	11
106	6
105	8
104	8
103	5
102	11
101	11
100	9
99	7
98	8
97	10
96	13
95	8
94	9
93	6
92	8
91	11
90	5
89	9
88	6
87	7
86	12
85	5
84	9
83	13
82	9
81	6
80	4
79	10
78	8
77	7
76	5
75	4
74	7
73	10
72	10
71	10
70	10
69	11
68	7
67	6
66	1
65	7
64	5
63	7
62	5
61	8
60	9
59	7
58	13
57	4
56	7
55	6
54	6
53	10
52	9
51	10
50	10
49	17
48	2
47	10
46	11
45	6
44	7
43	17
42	3
41	4
40	11
