404
750
600	2
598	1
597	1
596	2
595	1
594	1
593	2
592	2
590	5
589	4
588	3
587	2
586	1
584	1
583	1
582	4
581	3
580	1
579	4
578	2
577	1
576	3
575	3
574	2
573	3
572	1
571	1
570	1
569	2
568	6
567	1
566	1
565	1
564	1
563	1
562	5
561	1
560	3
559	1
558	1
557	1
556	2
555	2
554	2
553	5
552	3
550	1
548	2
546	2
544	2
543	1
542	1
541	1
540	2
538	2
537	1
536	3
535	1
534	1
533	2
532	2
531	2
530	2
528	1
527	3
526	4
525	2
524	1
523	3
522	7
521	4
520	2
519	5
518	1
517	5
516	1
515	2
514	2
513	1
512	4
511	1
510	2
509	2
507	3
506	2
504	2
503	1
502	2
501	2
500	4
499	2
498	4
497	4
495	1
494	2
493	3
492	5
491	2
490	3
489	6
488	2
487	1
485	2
483	4
482	5
481	2
480	2
479	5
478	3
477	3
476	4
475	4
474	2
473	4
472	1
471	4
470	2
469	3
468	2
467	2
465	6
464	3
463	3
462	2
461	4
460	1
459	3
458	3
456	2
455	1
454	2
453	1
449	1
448	4
447	1
446	3
445	2
443	3
442	3
441	4
440	4
439	6
438	2
437	1
436	2
435	1
434	1
433	4
432	2
431	3
430	4
429	5
428	1
426	2
425	1
424	2
422	3
421	2
420	4
419	3
418	2
417	4
415	2
414	1
413	2
412	2
411	2
410	4
409	2
408	3
407	3
406	2
405	4
404	1
403	4
402	3
400	1
399	4
398	5
397	4
396	1
395	3
394	2
393	3
392	2
391	1
390	1
389	3
388	7
387	3
385	2
384	3
383	2
382	4
381	2
380	2
379	4
378	1
377	5
376	2
375	1
374	1
373	2
372	2
371	2
370	3
369	1
368	1
367	2
366	2
365	2
363	1
362	3
360	3
359	3
357	1
356	4
355	3
354	4
353	3
352	3
351	3
350	2
349	3
348	4
347	1
346	3
345	1
344	2
343	4
342	3
341	3
340	1
339	6
338	1
337	2
336	4
335	2
334	6
333	3
331	3
330	1
329	2
328	2
327	2
326	2
325	2
324	5
321	3
320	3
319	3
318	3
317	2
316	2
315	3
314	2
313	1
312	2
311	1
310	3
309	2
308	4
307	4
304	2
303	2
302	4
301	4
300	2
299	2
298	2
297	2
296	2
295	2
294	2
293	6
291	1
290	1
289	2
288	1
287	1
286	2
285	3
283	2
282	2
281	1
280	1
279	3
278	3
277	4
276	4
274	6
273	1
272	1
271	3
269	7
268	1
267	3
266	5
265	4
264	4
263	3
262	1
261	1
260	1
259	3
258	3
257	1
255	2
254	3
253	2
252	6
251	1
250	2
249	3
248	1
247	3
246	6
245	1
244	1
243	2
242	3
240	3
239	3
238	1
236	6
235	5
234	4
232	1
231	2
230	5
229	2
228	6
227	1
226	2
225	1
224	1
223	1
222	2
221	2
220	4
219	2
218	2
217	4
216	2
215	3
214	3
212	4
211	1
210	2
209	4
208	2
207	4
206	2
205	2
204	1
203	1
202	3
200	1
199	3
198	3
197	2
196	1
195	3
194	2
193	1
192	3
191	4
190	1
189	3
188	2
187	3
186	1
185	1
184	5
182	3
181	2
180	4
179	4
178	2
177	3
176	1
175	2
174	1
173	4
172	2
171	2
170	3
169	3
168	2
167	2
165	3
164	1
163	3
162	2
161	1
160	2
159	2
156	1
155	1
154	1
153	1
152	2
151	4
150	2
