342
1000
700	2
699	1
698	1
694	1
692	1
690	1
689	1
688	2
687	1
686	2
684	2
682	1
681	1
677	1
676	1
673	1
672	2
668	1
667	2
665	1
663	1
662	2
661	1
660	2
658	1
655	2
654	1
653	1
652	1
649	1
647	2
645	1
644	3
641	1
640	1
639	2
636	1
631	3
630	1
629	1
628	1
623	2
622	2
620	2
619	2
618	1
617	4
616	1
615	2
614	1
613	1
612	2
610	2
608	1
607	1
606	2
603	2
602	1
600	1
599	1
597	1
594	2
592	1
591	1
589	2
588	1
586	1
584	1
583	1
582	1
580	1
574	1
573	1
571	1
570	2
567	1
566	2
565	1
563	1
561	1
560	1
559	2
558	1
555	1
552	2
549	1
548	2
545	1
542	1
539	1
537	1
536	1
533	1
532	3
531	1
529	3
528	2
524	2
523	2
522	2
521	2
520	2
519	3
518	1
517	1
516	1
514	2
512	1
511	1
510	1
508	2
507	1
506	1
505	2
503	1
499	2
498	2
497	2
495	1
494	1
493	1
491	1
490	1
489	1
487	1
486	1
483	2
477	1
476	1
475	1
474	1
469	1
466	1
464	3
463	1
460	1
457	1
456	1
455	1
449	1
447	2
446	1
444	1
443	1
442	2
441	1
440	1
439	2
438	2
435	2
431	1
429	1
428	1
425	1
423	1
421	3
420	1
416	1
415	2
413	2
412	1
411	1
410	1
409	1
403	1
399	2
397	1
394	2
391	1
388	1
387	1
386	1
384	4
381	1
380	1
379	3
377	2
376	1
374	1
373	4
371	1
370	1
369	3
368	1
367	1
366	3
363	1
361	2
360	1
359	1
358	1
357	1
356	1
354	1
353	1
352	1
351	1
350	2
347	1
344	2
343	1
340	1
337	2
336	3
334	1
332	1
330	3
328	2
326	2
325	1
323	1
322	1
320	2
317	1
316	2
314	3
312	2
311	1
310	1
309	2
308	2
307	1
304	1
302	1
301	1
298	3
296	2
294	2
293	3
291	1
290	1
289	2
287	3
284	3
282	2
281	1
280	1
275	1
273	1
270	1
267	2
266	1
263	1
260	2
259	2
256	1
254	1
252	3
251	2
248	1
247	2
244	1
243	2
242	3
238	2
237	3
235	1
234	1
233	2
232	1
230	1
229	2
228	1
226	1
225	2
224	2
223	1
222	1
221	2
220	2
219	2
217	2
216	2
215	1
214	3
213	2
212	1
209	1
207	2
204	1
203	1
202	1
201	1
198	1
196	1
193	1
189	2
187	1
186	1
185	1
182	2
180	1
177	1
173	1
172	2
171	1
169	1
168	2
167	1
166	1
164	1
163	1
162	1
160	2
157	2
156	1
155	1
154	3
153	1
152	1
151	1
148	1
146	2
145	3
144	1
142	1
140	1
139	2
138	3
135	3
132	1
130	2
129	1
127	1
126	1
125	3
123	2
122	1
120	1
119	2
118	1
115	2
112	1
111	1
110	1
109	1
108	1
106	2
105	1
104	1
101	1
100	2
