249
500
350	5
349	5
348	2
347	2
346	4
345	3
344	5
343	7
342	9
341	10
340	2
339	2
338	7
337	2
336	3
335	2
334	4
333	8
332	2
331	5
330	5
329	3
328	3
327	6
326	2
325	2
324	5
323	1
322	8
321	3
320	2
319	7
318	3
317	5
316	5
315	1
314	1
313	1
312	5
311	4
310	5
309	7
308	3
307	6
306	7
305	2
304	6
303	6
302	2
301	4
300	8
299	2
298	2
297	1
296	1
295	4
294	2
293	2
292	5
291	4
290	2
289	3
288	3
287	5
286	4
285	4
284	2
283	8
282	3
281	2
280	6
279	5
278	4
277	5
276	2
275	7
274	3
273	2
272	4
271	3
270	5
269	5
268	4
267	3
266	2
265	3
264	4
263	5
262	2
261	2
260	3
259	5
258	5
257	3
256	7
255	4
254	3
253	4
252	1
251	6
250	4
249	6
248	1
247	7
246	1
245	1
244	7
243	9
242	3
241	4
239	1
238	4
237	3
236	1
235	5
234	2
233	4
232	6
231	1
230	4
229	3
228	4
227	1
226	1
225	6
224	3
223	3
222	6
220	8
219	5
218	5
217	4
216	6
215	3
214	5
213	10
212	4
211	7
210	1
209	4
208	2
207	4
206	5
205	2
204	3
203	2
202	5
201	7
200	8
199	2
198	2
197	7
196	4
195	1
194	3
193	4
192	3
191	1
190	5
189	5
188	3
187	2
186	6
185	11
184	4
183	1
182	8
181	2
180	3
179	4
178	5
177	5
176	1
175	2
174	4
173	6
172	3
171	2
170	5
169	3
168	2
167	7
166	2
165	4
164	5
163	3
162	4
161	6
160	2
159	3
158	7
157	4
156	3
155	5
154	3
153	6
152	4
151	7
150	11
149	5
148	5
147	5
146	4
145	3
144	6
143	3
142	5
141	4
140	6
139	7
138	6
137	2
136	5
135	6
134	3
133	3
132	4
131	4
130	7
129	5
128	2
127	3
126	4
125	3
124	1
123	1
122	4
121	5
120	2
119	1
118	1
117	6
116	5
115	6
114	8
113	6
112	6
111	3
110	3
109	4
108	2
107	2
106	6
105	4
104	1
103	2
102	4
101	5
100	3
