197
500
350	1
349	2
348	1
347	1
345	2
344	2
343	1
342	1
341	1
340	1
339	1
338	1
336	3
335	1
334	1
333	1
331	1
330	1
328	1
327	1
326	1
325	2
324	3
323	1
321	1
319	2
318	2
316	1
315	2
314	1
313	2
312	1
311	1
309	1
308	3
306	1
305	3
304	1
302	2
296	1
295	1
294	1
293	1
290	1
288	1
287	1
285	1
284	1
283	1
281	1
278	2
277	1
274	2
273	2
272	2
271	2
269	1
267	2
266	1
264	1
261	2
260	2
257	3
255	2
253	2
252	1
250	2
248	2
245	1
244	1
243	3
242	2
240	1
238	3
237	1
233	1
232	1
231	1
230	1
228	1
225	1
224	4
223	3
222	1
221	1
219	1
218	1
217	2
216	1
215	1
214	1
209	1
206	3
205	1
204	2
203	1
202	1
201	1
198	3
197	2
196	2
195	1
193	1
192	1
191	1
190	1
189	2
188	1
187	2
185	1
182	2
181	1
180	2
179	1
177	1
175	3
173	1
172	1
171	1
168	2
166	2
165	2
163	1
161	3
160	2
156	2
151	2
150	1
148	2
147	1
146	3
145	1
144	2
141	3
139	2
138	1
137	1
136	1
135	1
134	3
133	1
132	1
130	1
129	1
128	3
127	2
126	1
124	1
123	1
121	2
120	1
118	1
117	2
116	1
115	3
112	2
111	1
110	1
108	1
107	2
106	1
105	2
103	1
102	1
99	2
96	3
95	2
93	2
92	2
91	1
90	2
89	2
88	1
86	1
85	1
83	1
82	2
81	1
79	1
78	1
77	1
76	1
75	3
73	1
72	2
71	2
70	3
69	1
67	3
62	1
61	1
60	1
59	2
58	4
56	1
55	1
51	1
