291
500
350	6
349	3
348	1
347	2
346	7
345	5
344	5
343	3
342	2
341	5
340	3
339	3
337	4
336	1
335	1
334	6
333	4
332	1
331	5
330	4
329	3
328	2
327	6
326	4
325	3
324	1
323	1
322	7
321	2
320	7
319	4
318	4
317	2
316	1
315	2
314	4
313	4
312	2
311	3
309	4
308	1
307	7
306	2
305	5
304	3
303	4
302	4
301	1
300	3
299	2
298	1
297	3
296	2
295	2
294	1
293	4
292	6
291	5
290	1
289	4
288	8
287	3
286	4
285	2
284	5
283	3
282	3
280	3
279	1
278	2
277	4
276	3
275	3
274	3
273	5
272	2
271	2
270	4
269	1
268	2
267	2
266	7
265	3
264	4
263	3
262	2
261	1
260	3
259	3
258	4
257	4
256	2
255	3
254	1
253	3
252	2
251	4
250	8
249	4
248	3
247	3
246	1
245	4
244	3
243	4
242	3
241	4
240	4
239	2
238	3
237	2
236	4
235	3
234	5
233	4
232	2
231	3
230	1
229	5
228	2
227	6
226	5
225	4
224	4
223	5
222	3
221	1
220	2
219	3
218	2
217	4
216	5
215	3
214	3
213	3
212	8
211	5
210	6
209	3
208	1
207	7
206	3
205	2
204	4
203	2
202	1
201	3
200	2
199	3
198	4
197	2
195	6
194	2
193	4
192	5
191	1
190	5
189	3
188	3
187	3
186	3
185	3
184	5
183	4
182	6
181	1
180	6
179	7
178	1
177	2
175	3
174	2
173	3
172	4
171	2
170	7
169	1
168	4
167	3
166	5
165	5
164	5
163	4
162	3
161	5
160	3
159	3
158	4
157	5
156	4
155	2
153	5
152	2
151	7
150	5
149	2
148	5
147	4
146	4
145	1
144	4
143	4
142	1
141	2
140	4
139	2
138	1
137	5
136	5
135	2
134	3
133	7
132	5
131	7
130	1
129	3
128	2
127	5
126	1
125	2
124	2
123	2
122	2
121	2
120	2
119	5
118	5
117	7
116	3
115	6
114	1
113	3
112	6
111	3
110	3
108	3
107	3
106	3
105	4
104	3
103	3
102	1
101	1
100	3
99	7
98	4
97	5
96	1
95	2
94	3
93	5
92	6
91	3
90	5
89	1
88	4
87	1
86	5
85	6
84	2
83	3
81	2
80	4
78	6
77	4
76	4
74	2
73	5
72	2
71	6
70	5
69	4
68	6
67	6
66	6
65	3
64	5
63	4
62	6
61	2
60	5
59	1
58	2
57	2
56	3
55	6
54	1
53	4
52	4
51	2
50	3
