271
750
600	1
599	2
597	1
596	2
595	2
590	3
589	2
583	1
582	3
580	1
578	1
577	1
576	2
575	1
574	2
572	1
569	1
566	2
565	3
562	2
560	1
559	1
558	1
554	4
552	1
549	1
548	2
544	1
541	1
540	3
539	1
538	1
537	1
535	3
529	1
527	1
525	2
524	1
522	1
521	1
519	1
517	3
513	1
511	3
510	2
509	2
507	1
506	1
505	2
504	1
503	1
501	2
498	1
497	3
496	1
495	1
492	1
491	1
488	1
487	1
485	1
481	3
478	2
477	1
474	1
469	2
468	1
467	1
465	3
463	2
462	1
461	3
460	1
457	2
455	1
454	1
451	1
449	1
446	2
445	1
440	2
438	2
437	2
434	2
433	1
431	1
430	1
426	2
421	1
420	2
419	1
418	1
417	1
416	1
415	1
412	1
411	3
410	1
409	2
408	3
404	1
402	2
401	1
400	1
399	2
397	1
395	1
394	1
392	2
390	1
389	3
387	3
386	1
381	3
380	4
376	1
374	1
373	1
371	1
369	1
368	1
367	2
365	1
364	1
363	1
362	2
361	1
360	2
359	2
358	2
356	1
355	3
354	1
352	2
351	1
350	1
347	1
345	1
343	2
341	1
340	1
339	1
337	1
335	1
334	1
333	1
331	1
329	2
328	2
327	1
323	1
322	1
321	2
320	2
313	2
311	1
310	1
309	1
306	1
304	1
302	1
299	3
297	1
295	1
294	2
293	1
291	2
285	1
283	1
281	2
279	1
278	1
276	1
274	1
273	1
271	2
270	1
266	1
265	1
264	2
262	3
258	2
257	2
255	1
253	1
249	3
247	2
246	1
244	1
243	2
241	2
240	2
238	1
237	1
236	1
231	2
230	1
229	3
228	1
227	1
222	1
221	1
219	1
218	1
217	1
215	1
212	1
211	1
210	2
207	1
206	1
200	2
199	1
193	1
192	1
191	1
189	2
186	1
185	1
184	1
181	1
178	1
177	1
176	2
175	2
174	1
173	1
169	1
168	1
167	3
166	1
163	1
162	1
159	1
157	2
153	1
152	1
151	2
150	1
146	1
144	2
142	2
140	1
138	3
137	1
135	2
134	1
131	2
129	4
128	1
127	2
125	3
116	1
115	2
114	1
112	2
111	3
107	1
106	1
92	2
91	2
90	1
88	1
87	1
84	1
81	1
79	2
78	1
77	1
76	1
75	1
