140
200
160	3
159	8
158	4
157	7
156	10
155	6
154	9
153	6
152	7
151	4
150	9
149	1
148	6
147	3
146	3
145	2
144	6
143	6
142	6
141	6
140	2
139	5
138	4
137	6
136	5
135	3
134	6
133	7
132	9
131	1
130	8
129	2
128	5
127	8
126	7
125	9
124	4
123	10
122	3
121	7
120	5
119	5
118	8
117	5
115	2
114	5
113	5
112	4
111	6
110	4
109	9
108	5
107	4
106	7
105	5
104	7
103	9
102	4
101	4
100	3
99	1
98	4
97	8
96	6
95	6
94	3
93	4
92	6
91	5
90	7
89	1
88	7
87	4
86	7
85	4
84	5
83	4
82	2
81	6
80	7
79	5
78	5
77	6
76	7
75	6
74	3
73	2
72	2
71	8
70	4
69	4
68	9
67	3
66	4
65	3
64	7
63	8
62	7
61	5
60	6
59	2
58	6
57	7
56	5
55	10
54	1
53	8
52	7
51	6
50	10
49	5
48	5
47	12
46	4
45	5
44	3
43	3
42	4
41	3
40	4
39	6
38	3
37	8
36	8
35	5
34	6
33	9
32	6
31	4
30	4
29	4
28	7
27	2
26	3
25	6
24	6
23	5
22	4
21	10
20	4
