293
500
350	1
349	2
348	4
347	2
346	3
345	5
344	2
343	7
342	4
341	5
340	4
339	1
338	4
337	3
336	5
335	1
334	3
333	1
332	2
331	4
330	4
329	8
328	1
327	4
326	1
325	3
324	2
323	3
322	3
321	5
320	2
319	1
318	3
317	2
316	3
315	5
314	4
313	3
312	5
311	2
310	5
309	3
308	5
307	3
306	4
305	3
304	3
303	1
301	4
300	1
299	1
298	2
297	3
296	2
295	2
294	3
293	3
292	1
291	2
290	2
289	2
288	5
287	2
286	5
285	2
283	4
282	4
281	5
280	3
279	4
278	2
277	2
276	7
275	1
274	2
273	4
272	5
271	3
270	2
269	4
268	4
267	1
266	4
265	5
264	4
263	6
262	4
261	2
260	7
259	3
258	2
257	5
255	5
254	6
253	3
252	5
251	2
250	2
249	5
248	3
247	4
246	3
245	2
244	5
243	2
241	3
240	4
239	4
238	2
237	2
236	2
235	5
234	5
233	4
232	1
231	1
229	2
228	1
227	12
226	1
225	1
224	7
223	6
222	3
221	3
220	3
219	3
218	6
217	3
216	4
215	1
213	6
212	2
211	2
210	1
209	2
208	2
207	2
206	5
205	6
204	3
203	1
202	1
201	6
200	3
199	8
198	2
197	2
196	3
195	2
194	3
193	2
192	4
191	7
190	8
189	4
188	2
187	3
186	3
185	2
184	1
183	1
182	5
181	4
180	3
179	3
178	4
177	1
176	3
175	1
174	5
173	3
172	4
171	3
170	6
169	3
168	5
167	2
166	6
165	4
164	4
163	3
162	6
161	3
160	2
159	6
158	5
157	6
156	4
155	2
154	5
153	6
152	5
151	6
150	1
149	3
148	3
147	5
146	7
145	1
144	1
143	2
142	2
141	2
140	1
139	4
138	7
137	4
136	1
135	2
134	7
133	2
132	4
131	5
130	7
128	1
127	2
126	6
125	4
124	4
123	2
122	2
121	1
120	1
119	5
118	3
117	6
116	1
115	2
114	3
113	5
112	1
111	5
110	4
109	1
108	5
107	3
106	3
105	1
104	5
103	7
102	1
101	3
100	5
99	4
98	2
97	4
96	2
95	8
94	1
93	6
92	6
91	2
90	3
89	4
88	2
87	3
86	8
85	4
84	4
83	3
82	3
81	5
80	3
78	2
77	2
76	5
75	4
74	4
73	7
72	1
71	3
70	1
69	3
68	3
67	1
66	6
65	2
64	5
63	6
62	5
61	2
60	2
59	2
58	4
57	3
56	5
55	6
54	3
53	4
52	3
51	2
50	6
