117
200
160	2
159	3
157	2
156	4
155	4
154	2
153	2
152	5
151	6
150	2
149	1
148	2
147	5
146	2
145	5
144	5
143	5
142	3
141	3
140	2
139	4
138	4
137	5
136	4
135	1
134	5
133	7
132	2
131	3
130	5
129	5
128	3
127	2
126	1
125	9
124	1
123	5
122	5
121	5
120	4
119	2
118	2
117	5
116	5
115	4
114	5
113	2
112	4
111	2
110	1
109	4
108	3
107	1
106	3
105	3
104	1
103	2
102	5
101	2
100	3
99	4
97	4
96	3
95	4
94	1
93	3
92	6
91	4
90	2
89	3
88	7
87	3
86	1
85	3
83	4
82	4
81	3
80	3
79	3
78	1
77	4
76	1
75	4
74	7
73	1
72	6
71	5
70	1
69	4
68	4
67	5
66	3
65	2
64	1
63	2
62	3
61	7
60	2
59	5
58	1
57	6
56	4
55	6
54	2
53	4
52	5
50	3
49	3
48	1
47	3
46	5
45	4
44	2
43	2
42	3
41	6
40	3
