214
400
320	3
319	2
318	4
317	2
316	1
315	3
314	4
313	2
312	1
311	2
309	2
307	2
306	1
305	2
304	1
302	1
300	3
299	2
298	2
297	2
296	2
294	1
291	2
290	3
289	1
288	4
287	2
285	2
284	3
283	1
282	1
280	1
279	1
278	2
276	3
275	1
274	2
273	1
271	2
270	2
269	2
268	2
267	1
266	1
265	1
264	3
263	2
262	2
259	2
258	4
257	2
255	4
253	1
252	1
251	4
250	3
249	2
248	2
245	1
244	2
243	2
242	1
241	2
240	1
239	2
238	4
237	2
232	1
231	2
230	2
229	1
228	1
227	3
226	1
224	2
222	1
219	1
218	1
217	2
215	1
211	3
210	1
208	1
206	1
205	1
204	1
202	1
201	1
200	2
199	1
197	3
196	1
195	4
194	1
193	2
192	2
191	2
190	1
189	2
187	1
186	1
183	2
182	1
181	1
179	2
178	1
177	1
176	1
175	1
173	2
172	1
171	2
170	1
168	2
166	1
165	1
160	1
159	1
158	2
157	1
155	1
154	1
151	5
150	1
149	2
148	2
146	1
145	1
144	1
143	1
142	3
141	1
139	1
138	1
137	1
136	1
135	1
134	1
133	3
132	5
131	3
129	2
128	1
127	1
126	2
125	1
124	1
123	1
122	5
120	2
119	1
117	1
116	4
115	2
114	3
113	2
112	2
111	1
109	1
108	2
107	3
105	2
104	4
103	1
102	3
101	2
100	3
99	4
98	4
96	1
95	2
93	1
90	2
89	1
88	1
87	1
86	3
85	3
82	5
81	2
80	1
79	1
78	3
76	2
75	1
74	1
73	5
72	1
71	1
68	2
67	1
66	1
65	1
63	2
61	2
60	1
59	3
58	2
56	2
55	2
54	5
53	1
52	1
51	1
50	2
49	6
48	2
47	4
46	2
45	3
44	1
43	1
42	1
40	3
