248
500
350	4
349	5
348	6
347	7
346	2
345	1
344	2
343	4
342	6
341	2
340	5
339	5
338	4
337	7
336	2
335	3
334	6
333	6
332	2
331	5
330	4
329	6
328	1
327	6
326	3
325	4
324	2
323	3
322	3
321	4
320	5
319	4
318	5
317	1
316	6
315	5
314	3
313	2
312	5
311	4
310	4
309	3
308	2
307	5
306	3
305	4
304	8
303	3
302	4
301	6
300	3
299	5
298	3
297	7
296	3
294	4
293	4
292	2
291	5
290	4
289	4
288	2
287	4
286	5
285	4
284	2
283	3
282	6
281	2
280	10
279	4
278	5
277	4
276	4
275	2
274	2
273	3
272	7
271	3
270	6
269	5
268	3
267	4
266	4
265	4
264	4
263	11
262	2
261	3
260	6
259	7
258	5
257	5
256	5
255	2
254	3
253	7
252	6
251	4
250	4
249	6
248	5
247	5
246	4
245	1
244	2
243	1
242	6
241	1
240	4
239	3
238	6
237	3
236	5
235	2
234	2
233	11
232	1
231	6
230	7
229	5
228	5
227	2
226	1
225	4
224	7
223	5
222	4
221	3
220	3
219	3
218	3
217	2
216	5
215	3
214	4
213	4
212	6
211	3
210	4
209	3
208	7
207	6
206	5
205	2
204	2
203	8
202	8
201	2
200	4
199	5
198	3
197	3
196	2
195	7
194	4
193	2
192	3
191	7
190	5
189	5
188	1
187	3
186	4
185	2
184	5
183	7
181	5
180	6
179	4
178	4
177	1
176	4
175	2
174	3
173	1
172	4
171	5
170	4
169	5
168	7
167	1
166	5
165	3
164	3
163	2
162	4
161	4
160	5
159	6
158	2
157	2
155	4
154	7
153	5
152	1
151	3
150	4
149	3
148	4
147	3
146	6
145	5
144	3
143	4
142	3
141	4
140	5
139	2
138	9
137	3
136	4
135	3
134	4
133	3
132	3
131	2
130	4
129	1
128	5
127	7
126	11
125	3
124	5
123	3
122	4
121	4
120	3
119	3
118	5
117	2
116	1
115	4
114	3
113	6
112	2
111	2
110	5
109	4
108	5
107	5
106	3
105	4
104	3
103	6
102	3
101	3
100	2
