193
400
320	2
319	1
318	3
317	3
315	2
313	3
312	5
311	2
310	3
309	2
308	1
307	3
306	1
304	1
303	1
302	3
301	2
299	2
298	5
297	1
296	3
295	2
294	3
293	1
292	3
291	2
290	1
289	1
287	3
286	1
285	2
284	1
283	2
282	2
280	3
279	2
278	2
276	1
275	1
274	2
273	1
270	2
267	2
264	1
263	5
262	2
260	2
259	2
258	1
257	1
256	1
255	3
254	2
253	3
252	1
251	1
250	1
249	3
248	1
247	1
246	7
244	2
242	3
241	1
240	2
239	3
238	1
237	3
236	3
235	3
233	1
232	3
231	1
229	5
227	1
226	2
225	1
224	3
223	3
222	1
221	2
220	1
219	1
218	2
217	1
215	2
214	1
213	3
212	1
211	3
210	3
209	4
208	1
206	1
205	1
204	4
203	6
202	1
201	2
200	1
197	3
196	1
195	3
194	1
192	3
190	1
189	2
188	2
187	2
186	3
185	2
184	4
183	1
182	1
181	2
179	3
177	1
176	1
175	2
173	2
170	4
168	2
167	2
166	3
165	2
164	2
163	3
162	3
161	3
160	1
157	4
156	2
155	2
154	2
152	1
151	2
150	4
149	2
148	1
147	1
146	2
145	2
144	2
143	2
142	1
141	2
140	2
139	3
138	1
137	3
136	2
135	1
134	2
133	1
129	2
128	2
127	1
126	2
125	1
123	1
122	2
121	1
120	3
119	2
118	2
116	2
115	2
114	1
112	3
110	2
109	1
108	1
107	1
105	4
104	3
102	2
101	1
100	1
99	1
98	3
97	1
95	1
93	6
91	2
90	1
89	4
88	1
87	1
86	3
85	2
84	2
81	4
80	3
