126
200
160	3
159	5
158	3
157	2
156	3
155	3
154	2
152	4
151	2
150	2
149	3
148	3
147	4
146	2
145	1
144	2
143	2
141	1
140	1
139	3
136	3
135	1
134	3
133	2
132	2
131	3
130	3
129	1
128	4
127	2
126	1
125	3
124	2
123	4
122	3
121	1
120	2
119	2
118	2
117	1
116	1
115	2
114	2
113	4
112	1
111	2
110	4
109	2
108	1
107	3
106	1
105	3
104	4
103	2
101	1
100	3
99	1
97	3
96	1
94	1
93	3
92	1
91	4
90	1
88	1
87	1
86	4
85	1
83	1
82	3
81	2
80	2
79	2
78	1
77	2
75	2
74	2
73	3
72	4
71	4
70	2
68	3
67	2
66	5
65	1
64	3
63	3
62	1
61	3
59	4
58	1
57	3
56	1
55	2
53	2
52	1
51	4
49	2
48	2
47	4
46	4
45	3
44	1
43	3
42	2
41	1
40	3
39	1
38	5
36	3
35	3
34	3
33	3
32	3
31	2
30	2
29	4
28	1
27	1
26	7
25	2
24	4
23	3
22	3
21	1
20	1
