312
750
600	1
599	1
597	1
594	2
593	1
590	1
588	2
587	2
586	1
585	2
584	1
582	1
581	3
579	1
577	2
575	3
574	3
573	1
572	1
571	2
570	1
567	2
565	1
564	1
563	1
562	2
561	1
560	2
557	3
556	2
555	2
554	2
553	3
552	1
548	1
547	1
546	2
543	1
540	3
539	1
538	1
537	1
536	1
535	1
534	2
532	1
531	2
528	2
526	1
525	2
522	1
521	2
519	4
518	2
517	1
516	5
514	1
513	2
511	1
510	3
509	2
508	1
507	3
506	2
505	2
502	1
501	1
500	2
499	2
497	2
496	1
495	2
494	2
493	1
492	2
491	1
490	3
489	3
488	1
486	1
484	2
482	3
481	1
479	2
476	3
475	3
474	1
473	1
472	1
467	1
466	1
465	1
463	2
462	2
461	1
460	1
459	1
458	2
457	1
455	3
454	1
452	1
451	1
450	1
449	2
448	2
447	1
446	1
445	2
442	1
441	3
438	1
436	1
435	2
434	2
433	2
432	3
430	4
428	1
427	2
424	2
423	3
421	2
420	2
419	1
417	1
416	1
415	2
413	1
412	2
411	2
409	1
408	1
407	1
406	3
405	1
404	1
403	1
402	2
401	3
399	5
396	1
395	1
394	2
393	1
391	1
390	2
389	2
387	1
386	1
385	2
384	1
383	1
382	1
381	1
379	1
375	1
372	1
369	1
368	1
367	1
366	2
365	1
364	1
362	3
361	1
360	3
359	1
358	2
357	1
355	4
354	1
353	3
352	1
350	2
348	1
346	2
345	2
343	1
342	1
340	3
338	1
337	1
336	2
334	1
331	1
330	2
328	1
327	1
326	2
324	1
323	2
322	2
321	4
315	1
314	2
313	1
312	2
311	2
310	2
307	2
306	2
304	3
303	2
301	1
300	1
297	1
295	1
294	1
293	1
292	2
291	1
290	1
289	3
288	1
287	1
285	1
284	1
283	1
280	3
279	2
278	2
277	1
276	2
275	1
274	1
273	1
271	3
269	1
268	2
267	1
265	1
264	2
263	1
262	1
261	1
260	1
258	1
257	3
254	3
253	3
252	1
251	1
250	1
249	1
245	1
244	2
243	4
242	2
240	1
238	1
237	2
236	1
235	1
234	1
233	1
232	2
231	1
230	2
229	1
227	1
226	1
225	2
223	1
222	1
221	1
220	2
219	1
218	1
214	2
213	1
212	1
210	2
209	1
208	1
207	1
206	2
202	1
200	1
199	2
198	4
196	2
195	1
193	1
192	1
191	2
188	4
187	1
186	1
185	1
183	2
182	1
181	1
180	2
179	1
178	1
177	3
176	2
175	1
174	2
173	1
172	1
171	1
169	2
167	1
164	1
162	2
161	1
158	2
157	3
155	1
154	1
