94
1000
686	1
673	1
670	1
668	1
667	1
665	1
658	1
656	1
653	2
650	1
643	1
632	1
625	1
622	1
621	1
613	1
612	1
606	1
591	1
587	1
583	2
580	1
570	1
567	1
565	1
559	1
553	1
543	1
535	1
529	1
523	1
520	1
516	1
505	1
497	1
488	1
480	1
466	1
462	1
461	1
455	1
451	1
443	1
422	2
412	1
406	1
404	1
390	1
377	1
376	1
375	1
373	1
364	1
362	1
361	1
360	1
359	1
348	1
340	1
339	1
331	1
324	1
318	1
315	1
307	1
289	1
288	2
285	1
282	1
270	1
265	2
262	1
255	1
250	1
248	1
246	1
244	1
230	1
227	1
192	1
186	1
184	1
183	1
173	1
168	1
162	1
148	1
126	1
125	1
115	2
108	1
106	1
104	1
101	1
