268
500
350	2
349	8
348	3
347	2
346	3
345	1
344	1
343	1
342	6
341	1
340	4
338	3
337	1
336	3
335	1
334	6
333	1
332	6
329	4
328	6
327	3
326	2
325	1
324	1
323	4
321	5
318	4
317	4
316	2
315	3
314	6
313	4
312	1
311	1
310	5
309	4
308	2
307	1
306	4
305	3
304	3
303	4
301	3
300	2
298	2
297	4
296	3
295	4
293	1
292	1
291	1
290	3
289	1
288	5
287	4
286	2
285	1
284	3
283	2
282	2
281	3
280	3
279	1
277	3
276	4
274	4
273	2
271	1
270	5
269	3
268	3
267	3
266	2
265	2
264	2
263	1
262	3
261	7
260	1
259	5
258	5
257	1
256	1
255	1
254	2
253	3
252	1
251	2
250	2
249	3
248	2
247	3
246	2
245	2
244	2
243	1
241	4
240	3
239	1
237	3
236	2
235	5
234	2
233	3
232	6
231	4
229	9
227	4
226	4
225	1
224	2
223	1
222	3
221	2
220	3
219	2
217	2
215	3
214	2
213	4
212	2
211	4
209	4
208	4
207	3
206	2
205	4
204	1
203	3
202	6
201	5
200	2
198	2
197	3
196	2
195	6
194	3
193	3
192	2
191	1
190	5
189	2
188	2
187	4
185	2
183	2
182	2
181	3
179	5
178	1
177	3
176	3
175	2
174	2
173	2
171	1
170	1
169	4
168	5
167	4
165	2
163	3
162	3
161	5
160	3
159	3
158	2
157	2
156	1
155	5
154	1
153	2
152	1
151	1
150	2
149	3
148	1
147	5
146	7
145	3
144	1
143	2
142	2
141	3
140	3
139	2
138	3
137	2
136	2
135	3
134	1
133	3
132	2
131	1
130	5
129	2
128	6
127	3
126	3
125	2
124	4
123	2
122	3
121	2
120	1
119	1
118	3
117	3
116	3
115	3
114	2
113	4
112	4
111	3
110	2
109	1
108	4
107	1
106	3
103	2
102	2
101	1
100	2
99	1
98	4
97	5
96	4
95	1
94	2
93	4
92	4
90	3
89	2
88	5
87	2
86	3
85	3
84	3
83	2
81	3
79	2
78	2
77	1
76	5
75	5
74	6
73	1
72	4
71	1
70	4
69	1
68	4
67	2
66	1
65	4
64	3
63	4
62	3
60	3
59	2
57	1
56	4
55	4
54	2
53	1
52	5
51	3
50	2
