214
400
280	1
279	1
278	2
276	4
275	2
274	1
273	1
272	1
271	4
270	3
269	2
268	3
267	2
266	3
265	8
264	3
263	4
262	5
261	1
260	6
259	2
258	2
257	3
256	1
255	4
254	3
253	1
252	1
251	1
250	1
249	2
248	3
247	2
246	1
245	4
244	2
243	6
242	3
240	3
239	4
237	1
236	3
235	3
234	1
233	4
231	2
229	2
228	4
227	3
226	3
225	2
224	3
223	2
222	3
221	3
220	2
219	2
218	1
217	1
216	5
215	4
214	3
213	1
212	2
211	2
210	2
207	3
206	2
205	2
204	1
203	1
202	2
201	1
200	1
199	3
198	3
197	4
196	2
195	1
192	3
191	1
190	4
189	3
188	1
187	2
186	1
185	1
184	2
183	1
182	3
180	4
179	1
177	3
175	1
174	1
173	2
172	4
171	1
170	2
169	1
168	2
167	2
166	1
165	1
164	2
163	5
161	2
160	1
159	1
158	4
157	1
156	4
155	4
154	1
153	4
152	2
151	1
150	3
149	1
148	2
147	2
146	3
144	6
143	1
142	2
140	2
139	3
138	3
137	1
136	2
135	2
134	2
133	1
130	8
129	1
128	3
126	3
125	3
123	2
122	1
121	3
120	1
119	1
117	5
116	3
115	2
114	1
113	1
112	4
111	1
110	2
109	2
107	2
106	5
105	2
104	2
102	5
101	2
100	2
99	2
98	4
97	3
96	1
95	3
94	2
93	3
92	2
91	3
90	4
89	1
88	1
87	1
86	1
85	3
84	4
83	1
82	1
81	4
80	1
79	2
78	2
77	1
76	1
75	2
73	1
72	2
71	6
70	3
69	1
68	3
67	4
66	1
65	3
64	3
62	1
61	3
60	3
59	2
58	1
57	2
56	2
55	1
53	2
52	5
51	3
49	1
48	2
47	4
46	2
45	2
44	2
42	1
41	1
40	1
