91
150
105	12
104	11
103	13
102	7
101	7
100	12
99	13
98	15
97	10
96	15
95	17
94	9
93	9
92	10
91	12
90	11
89	10
88	8
87	14
86	9
85	13
84	18
83	14
82	4
81	9
80	14
79	10
78	8
77	9
76	5
75	7
74	6
73	10
72	8
71	5
70	12
69	11
68	13
67	12
66	18
65	8
64	6
63	15
62	16
61	15
60	10
59	12
58	13
57	17
56	12
55	9
54	19
53	9
52	5
51	18
50	6
49	13
48	10
47	16
46	14
45	13
44	12
43	10
42	12
41	15
40	11
39	9
38	8
37	11
36	17
35	11
34	10
33	10
32	13
31	12
30	7
29	9
28	14
27	11
26	6
25	7
24	12
23	11
22	11
21	8
20	6
19	12
18	10
17	13
16	8
15	8
