277
500
400	2
399	2
398	1
397	4
396	4
394	3
393	3
391	3
390	4
389	1
388	5
387	5
386	4
385	2
384	4
383	3
382	3
381	2
380	2
379	4
378	3
377	3
376	3
374	2
373	2
372	2
371	5
370	2
369	3
368	1
367	2
366	4
365	2
363	3
362	2
361	3
360	3
359	3
358	1
357	2
356	5
354	3
353	1
352	2
351	5
350	3
349	6
347	2
345	3
344	1
343	1
342	2
341	1
340	3
339	3
338	4
337	2
336	3
335	3
334	2
333	4
331	2
330	3
329	1
328	2
327	4
326	2
325	2
324	1
322	5
321	1
320	5
319	2
318	1
317	10
316	4
315	5
314	1
313	1
312	2
311	2
310	5
309	3
308	1
307	1
306	7
305	1
304	1
303	2
302	3
301	4
300	2
299	1
298	3
297	5
296	2
295	1
294	2
292	1
291	3
290	3
289	2
288	3
287	2
286	3
284	2
283	3
282	1
281	3
280	4
279	1
278	3
277	4
276	3
275	4
274	2
273	3
272	3
271	2
270	4
269	3
268	2
267	4
266	1
265	2
264	2
263	1
262	4
261	2
260	4
259	3
258	1
257	2
256	1
255	2
254	1
253	3
252	2
251	4
250	4
249	3
248	6
247	3
246	3
244	3
243	2
241	6
239	1
238	1
237	3
236	3
235	3
234	1
233	1
232	2
231	2
230	2
229	2
228	3
227	5
226	2
225	2
224	3
223	1
221	1
220	2
219	2
217	4
216	4
215	3
214	1
213	4
212	5
211	2
210	1
209	5
208	1
206	6
205	5
204	3
203	3
202	1
201	2
200	4
199	3
198	2
197	1
196	2
195	4
194	4
193	1
192	5
191	3
190	1
189	2
188	1
187	6
186	3
185	4
184	2
183	4
182	3
179	3
178	6
177	2
176	7
174	4
172	3
171	3
170	4
169	1
168	4
167	5
166	3
165	1
164	1
163	2
161	2
160	2
159	3
158	2
157	1
156	4
155	2
153	1
151	1
150	4
149	4
148	2
147	3
146	2
145	2
144	3
143	2
142	2
141	2
140	2
139	3
138	1
137	4
136	2
135	2
134	3
133	3
132	3
131	3
130	2
129	2
128	3
127	3
126	4
125	1
124	3
123	1
122	3
121	3
120	2
119	6
118	3
117	3
116	4
115	3
114	2
113	1
112	3
111	4
110	2
109	1
108	4
107	4
106	2
105	1
104	3
103	2
102	2
101	2
100	1
