144
300
210	3
209	7
208	1
207	6
206	7
205	2
204	1
203	4
202	2
201	4
200	1
198	7
197	6
196	3
195	2
194	4
193	1
192	3
191	2
190	3
189	3
188	5
187	5
186	3
185	7
184	3
183	3
182	4
181	4
180	1
179	5
178	3
177	1
176	5
175	1
174	4
173	4
172	5
171	2
170	3
169	4
168	5
167	3
166	4
165	4
164	2
163	3
162	3
161	4
160	4
159	2
158	1
157	3
156	4
155	6
153	2
152	4
151	2
150	2
149	6
148	3
147	4
146	2
145	2
144	1
143	7
142	2
141	4
140	4
139	2
138	8
137	3
136	5
135	6
134	4
133	2
132	2
131	3
130	1
129	1
128	2
127	5
126	4
125	2
124	5
121	5
120	7
119	4
118	5
117	5
116	2
115	4
114	8
113	4
112	1
111	2
110	5
109	4
108	5
106	1
105	7
104	6
103	7
102	6
101	4
100	1
99	5
98	4
97	2
96	3
95	2
94	2
93	8
92	2
90	3
89	2
88	4
87	2
86	4
85	2
83	1
82	3
81	3
80	6
79	3
78	2
77	2
76	2
75	2
74	3
73	2
72	4
71	1
70	5
69	2
68	4
67	3
66	3
65	3
64	2
63	2
62	3
61	3
60	6
