164
300
210	3
208	1
207	6
206	6
205	1
204	1
203	1
202	2
201	2
200	1
197	3
196	3
195	1
194	3
193	2
192	2
191	1
190	4
189	6
188	3
187	2
186	2
185	3
184	4
183	5
181	2
180	1
178	3
177	2
176	2
175	5
174	1
173	3
172	2
171	3
170	2
169	1
168	1
167	1
166	4
165	3
164	2
163	1
162	2
161	2
160	2
159	2
158	2
157	3
156	1
155	2
153	1
152	1
151	1
149	3
148	4
147	1
146	1
145	4
144	1
143	2
142	1
141	2
140	4
139	1
137	2
136	2
135	2
134	4
133	1
131	3
130	3
129	3
128	3
127	1
126	1
125	2
124	2
123	1
122	2
119	2
118	2
117	5
116	7
114	2
113	1
112	3
111	1
110	2
109	3
108	2
107	1
106	2
103	1
102	2
100	2
99	2
98	1
97	1
96	3
95	4
94	1
93	3
92	3
91	1
90	2
89	3
88	2
87	2
86	3
85	8
84	1
83	1
82	4
81	2
80	2
79	1
78	2
77	3
76	2
75	7
73	2
72	4
71	2
70	3
69	3
68	2
67	2
66	3
65	3
64	4
62	1
61	1
60	2
59	4
58	4
57	4
56	1
55	4
54	3
53	2
52	1
51	4
50	4
49	1
48	2
47	1
46	5
45	3
44	3
43	3
42	3
41	5
40	1
39	2
38	3
37	2
36	4
35	3
34	3
33	2
32	1
31	2
30	4
