276
500
350	6
349	2
348	3
347	3
346	5
344	6
343	1
342	4
341	2
340	3
339	2
338	3
337	3
336	6
335	5
334	3
333	4
332	1
331	2
330	2
329	3
328	4
327	3
326	1
325	4
324	3
323	3
322	3
321	2
320	1
319	4
318	2
316	1
315	3
314	2
313	3
312	5
311	3
310	6
309	2
308	2
307	4
306	2
305	3
304	1
303	2
302	1
301	2
300	2
299	3
298	3
297	6
296	2
295	4
294	3
292	2
291	1
290	1
289	2
288	7
287	4
285	2
284	3
283	2
282	1
281	4
280	2
279	7
278	3
277	2
276	1
275	5
273	2
272	1
271	1
270	4
269	8
267	3
266	4
265	2
264	2
263	2
262	1
261	4
260	3
259	4
258	1
257	2
256	4
255	7
254	1
253	4
252	2
251	2
250	3
249	3
248	2
247	3
246	1
245	1
244	1
243	5
242	4
241	2
240	3
239	1
238	1
237	4
236	3
235	2
234	2
233	1
232	3
231	1
230	3
229	3
228	2
226	1
225	1
224	2
223	2
221	1
220	1
219	1
218	2
217	2
216	2
215	2
214	3
213	3
211	2
210	5
209	2
208	2
207	8
206	2
205	3
204	1
203	1
202	2
201	3
200	3
198	1
197	1
196	4
195	5
194	5
193	5
192	1
190	1
189	2
188	2
187	4
186	2
185	1
183	3
182	1
181	2
179	4
178	3
177	2
176	2
175	4
174	1
173	4
172	2
170	2
169	3
168	2
167	2
166	3
165	1
164	2
163	1
162	4
161	6
159	5
158	1
157	2
155	2
154	5
153	3
152	2
151	1
150	1
149	4
148	8
147	4
146	3
145	1
144	3
143	1
141	2
139	4
138	1
137	3
136	1
135	1
134	2
133	4
132	1
131	6
130	2
129	3
128	2
127	3
126	4
125	1
124	3
123	3
122	7
121	2
120	2
118	3
117	3
116	6
115	5
114	4
112	1
111	2
110	3
109	3
108	1
107	3
106	4
105	6
104	3
103	2
102	3
101	5
100	4
99	2
98	2
97	3
96	3
95	2
94	1
93	1
92	2
91	4
90	1
89	1
88	2
87	2
86	1
85	3
84	1
83	1
81	5
79	3
78	2
77	1
75	1
74	2
73	2
72	5
71	4
69	2
68	2
67	3
66	2
65	1
64	4
63	1
62	4
61	3
60	4
59	1
58	3
57	2
55	4
54	2
53	2
52	2
51	5
50	6
