293
750
525	4
523	3
522	1
520	2
519	1
518	1
516	1
515	1
513	1
512	1
511	1
510	1
508	4
507	2
505	1
504	4
503	3
501	2
500	1
498	1
497	2
495	1
490	2
489	2
488	2
487	3
486	1
485	1
484	2
483	1
482	3
477	3
476	2
475	3
473	1
472	1
471	6
469	1
468	5
466	5
462	1
460	1
459	1
458	2
456	2
455	2
454	4
451	2
446	2
445	1
444	2
443	1
442	3
441	1
440	1
436	3
433	1
431	1
429	1
428	1
426	1
425	1
424	1
423	2
422	1
421	1
420	2
417	1
415	1
414	3
413	2
410	1
408	2
406	1
405	3
402	1
401	1
400	3
399	3
396	1
395	1
394	2
393	5
392	1
390	2
389	2
387	1
385	3
384	2
382	1
380	3
378	1
377	2
376	1
373	1
372	1
371	6
370	2
368	1
367	4
366	4
365	1
364	1
363	1
362	1
361	1
359	2
357	1
355	1
353	2
352	1
351	2
350	1
348	1
347	1
345	2
344	2
343	1
339	1
338	1
337	2
336	1
335	2
333	1
332	1
331	1
330	1
328	1
327	5
326	1
324	1
323	2
320	1
319	1
318	1
317	1
316	1
315	1
314	1
312	3
311	1
309	2
308	1
305	1
304	1
302	2
301	1
300	1
299	3
298	3
297	1
296	4
295	1
293	1
290	3
288	1
287	2
286	1
285	1
283	1
282	1
281	1
280	2
279	1
274	1
273	1
269	2
267	1
266	3
263	1
262	3
261	1
256	2
255	1
253	1
252	2
251	1
250	2
249	5
247	1
246	2
245	4
244	1
243	1
241	2
239	2
238	1
237	1
234	1
233	2
230	1
229	2
228	1
227	1
225	4
223	1
222	1
221	3
220	1
219	1
218	2
217	1
216	3
215	1
213	1
212	2
211	2
207	1
205	2
202	1
201	1
198	1
196	1
195	1
193	2
192	1
191	1
188	2
187	2
186	2
185	2
184	1
183	1
181	1
178	4
177	1
175	1
174	2
172	3
171	1
170	3
169	2
167	1
164	2
163	1
162	1
160	1
159	1
158	1
156	2
155	2
154	2
153	1
152	2
151	1
150	2
149	1
146	2
142	1
141	3
140	1
139	1
137	2
135	2
133	2
132	2
127	1
126	1
125	3
123	1
121	1
120	1
119	1
118	3
117	1
116	1
115	1
114	3
112	3
111	1
107	1
105	1
101	1
100	1
99	4
98	3
96	2
94	5
93	1
91	1
90	2
89	1
88	1
87	5
86	1
85	1
84	1
83	1
82	1
79	3
77	1
76	3
75	3
