198
400
280	1
279	2
278	2
277	1
276	1
274	1
273	1
272	4
271	2
269	3
268	1
267	3
266	1
265	2
264	1
262	1
260	4
259	4
258	2
257	1
256	1
255	4
253	1
251	1
249	1
248	1
247	2
245	1
244	1
243	1
241	2
239	2
238	1
237	1
236	2
235	1
234	2
232	1
230	3
229	3
227	4
226	5
225	1
223	5
222	2
220	1
219	1
218	1
217	1
216	1
215	1
213	1
212	2
211	2
210	1
209	2
207	2
206	2
205	3
204	3
203	1
202	4
201	1
200	1
198	2
197	2
196	4
194	2
192	1
190	1
189	1
188	2
187	2
186	2
185	1
183	2
182	2
181	2
180	3
179	1
178	5
177	1
175	1
174	3
173	3
172	1
171	2
170	2
169	1
168	4
167	5
166	1
165	2
164	1
163	1
162	1
161	3
160	3
159	1
158	2
157	1
156	3
155	4
154	4
153	5
152	1
150	2
149	4
148	1
147	2
146	1
145	2
144	1
143	1
142	1
141	3
139	2
138	2
137	2
136	2
135	2
132	3
131	3
130	3
128	1
127	3
126	1
125	1
124	2
123	1
121	1
119	1
118	1
117	4
116	1
114	4
113	1
112	4
111	3
110	1
109	1
108	3
107	1
106	1
105	4
104	3
102	1
100	2
98	1
97	2
96	2
95	1
94	4
91	2
90	3
89	1
87	1
86	2
85	2
84	6
83	2
82	1
81	1
80	1
79	2
78	1
77	2
76	2
75	3
73	5
71	1
70	3
69	3
68	1
67	1
66	1
65	4
64	1
62	2
61	2
60	2
59	3
58	1
57	2
56	4
55	3
54	1
53	1
52	3
51	4
50	2
49	2
48	2
47	2
44	2
42	1
41	5
40	2
