217
400
320	4
319	1
318	3
316	2
315	5
314	2
312	1
311	3
310	2
309	2
308	2
307	2
306	3
305	1
304	4
303	1
302	1
301	1
300	2
299	2
298	1
297	1
296	2
295	2
294	2
293	2
292	2
291	1
290	1
289	1
286	2
285	2
284	2
283	2
282	1
281	2
280	4
279	1
278	1
277	1
276	3
275	4
274	1
273	2
272	2
271	1
270	4
269	1
268	3
267	2
266	3
265	1
263	2
262	4
261	2
260	3
259	2
258	1
257	2
256	1
255	3
253	3
252	2
250	3
249	1
247	2
246	2
245	2
243	7
242	3
241	1
240	2
239	4
238	2
237	2
236	5
235	3
234	1
233	1
232	2
231	2
230	4
229	3
227	2
225	4
224	1
223	2
222	1
220	3
219	2
218	1
217	1
216	2
215	1
214	4
213	5
212	5
211	3
210	1
209	3
208	2
207	3
206	1
205	2
204	3
203	2
202	3
201	2
200	1
199	3
198	2
197	1
196	1
195	3
194	1
193	2
190	5
189	1
188	2
187	2
186	3
184	4
183	4
182	2
181	3
180	2
179	2
177	4
176	3
175	1
174	1
173	3
172	3
171	2
169	2
168	1
167	3
166	1
165	2
164	1
163	1
162	3
161	2
160	2
159	2
158	3
157	2
156	3
154	2
152	4
151	2
150	2
149	2
148	2
146	2
145	3
144	1
143	3
142	1
141	1
140	1
139	2
138	2
137	4
136	2
135	2
134	3
133	1
132	2
131	3
130	4
129	2
128	1
127	3
126	3
125	4
124	2
123	4
122	1
121	2
119	1
118	2
117	2
116	4
115	1
114	4
113	3
112	3
111	4
110	3
109	2
108	5
107	2
106	2
105	4
104	4
103	1
102	4
101	1
100	5
99	2
98	4
97	1
96	2
95	4
93	2
92	3
90	2
88	3
87	2
86	1
85	2
84	4
83	3
82	1
81	2
80	3
