104
150
120	2
119	3
118	1
117	5
116	2
115	3
114	6
113	4
111	5
110	5
109	8
108	2
107	2
106	4
105	5
104	1
103	2
102	4
101	6
100	2
99	1
98	5
97	2
96	2
95	4
94	4
93	3
92	4
91	6
90	6
89	2
88	2
87	5
86	2
85	3
84	6
83	6
82	5
81	2
80	2
79	2
78	2
77	6
76	5
75	3
74	7
73	6
72	7
71	3
70	5
69	4
68	5
67	4
66	6
65	3
64	6
63	3
62	5
61	6
60	5
58	3
57	1
56	2
55	4
54	3
53	4
52	8
51	6
50	5
49	5
48	6
47	2
46	4
45	1
44	6
43	2
42	3
41	1
40	2
39	5
38	3
37	7
36	2
35	2
34	3
33	6
32	2
31	5
30	5
29	4
28	3
27	2
26	3
25	4
24	5
23	3
22	4
21	5
20	3
19	5
18	5
17	3
16	3
15	3
