224
400
280	4
279	3
277	5
275	4
274	5
272	1
269	6
268	8
267	5
266	7
264	4
263	2
262	5
261	1
260	3
259	6
258	2
257	4
256	3
255	5
254	5
253	2
252	3
251	5
250	3
249	6
248	4
247	2
246	7
245	1
244	7
243	1
241	4
240	1
239	1
238	2
237	3
236	3
235	3
234	3
233	3
232	3
231	4
230	1
229	4
228	1
227	6
226	3
225	4
224	1
223	3
222	3
221	5
220	3
218	4
217	4
216	2
215	5
214	7
213	2
212	4
211	3
210	3
209	2
208	5
207	3
206	4
205	4
204	2
203	4
202	2
201	1
200	4
198	2
197	3
196	2
195	6
194	6
193	3
192	1
191	1
190	1
189	2
188	1
187	4
186	5
185	5
184	2
183	1
182	2
181	2
180	5
179	9
178	3
177	7
176	2
175	4
174	3
173	3
172	2
171	4
170	2
169	3
167	2
166	1
165	2
164	2
163	4
162	2
161	3
160	3
159	3
158	3
157	4
156	4
155	3
154	4
153	3
152	6
151	4
150	3
149	3
148	1
147	8
146	2
145	2
144	2
143	3
142	5
141	3
140	2
139	4
138	2
137	4
136	3
135	2
134	6
133	1
132	2
131	2
130	5
129	2
128	5
127	2
126	1
125	3
124	4
123	4
122	2
121	2
120	2
119	3
118	3
117	2
116	4
115	4
114	3
112	8
111	1
110	3
109	3
108	1
107	2
106	3
105	3
103	4
102	3
101	2
100	4
99	3
98	7
97	2
96	6
95	6
94	1
93	5
92	3
91	5
90	1
89	5
88	2
86	2
85	3
84	5
83	4
82	5
81	5
80	2
79	4
78	2
77	6
76	4
75	2
74	2
73	3
72	1
71	2
70	2
69	4
68	2
66	4
65	5
64	2
63	3
62	5
61	6
60	4
59	1
58	2
57	4
56	2
55	4
54	3
53	4
52	3
50	1
49	2
48	5
47	5
45	4
44	4
43	10
42	4
40	2
