145
300
209	2
208	2
207	4
206	3
202	1
201	2
200	4
199	1
198	1
196	2
195	2
194	1
193	3
192	2
189	2
188	2
185	2
184	1
183	1
182	5
181	2
179	1
178	1
176	1
175	2
174	2
173	2
172	2
171	2
170	4
169	2
167	2
165	1
164	3
163	3
162	1
161	2
160	2
159	2
158	6
155	2
154	1
153	3
152	1
151	3
150	1
149	2
148	1
147	1
146	1
145	1
144	1
143	1
142	4
140	2
139	1
137	3
136	4
135	1
134	3
133	4
132	2
131	2
130	2
129	4
128	1
127	2
125	1
124	3
123	1
122	3
121	1
119	6
118	1
117	2
116	2
115	3
114	1
113	2
112	1
110	2
109	6
108	3
106	3
104	2
103	1
102	5
101	2
100	1
99	1
98	1
97	1
95	2
94	2
93	1
92	2
90	4
88	4
87	1
86	3
85	2
83	3
82	2
81	2
79	3
78	2
77	2
76	1
74	1
72	1
71	1
70	2
68	2
67	1
66	1
65	2
64	3
62	4
61	2
60	1
59	2
57	2
56	1
55	4
54	1
53	1
52	1
51	1
49	1
48	2
47	6
46	1
45	1
44	2
43	1
42	4
40	2
39	1
38	1
37	2
36	3
35	2
34	3
32	2
31	1
