334
500
400	3
399	2
398	5
397	1
396	1
395	2
394	5
393	1
392	2
391	4
390	2
389	6
388	3
387	2
386	5
385	3
384	3
383	2
382	5
381	1
380	3
379	2
378	3
377	4
376	2
375	1
374	2
373	2
372	2
371	4
370	4
369	3
368	3
367	4
366	2
365	1
364	5
363	3
362	6
361	3
360	2
359	1
358	2
357	7
356	6
355	4
354	1
353	3
352	3
351	4
350	1
349	4
348	4
347	5
346	1
345	2
344	2
343	2
342	2
341	3
340	4
339	2
338	3
337	3
336	7
335	2
334	4
333	4
332	3
330	8
329	2
328	5
327	4
326	3
325	3
324	3
323	4
322	2
321	3
319	2
317	2
316	3
315	1
314	3
313	4
311	3
310	7
309	5
308	2
307	1
306	6
305	5
304	4
303	2
302	1
301	3
300	1
299	2
298	5
297	2
296	4
295	3
294	5
293	3
292	4
291	3
290	4
289	4
288	6
287	1
285	4
284	1
283	4
281	2
280	3
279	4
278	3
277	3
276	4
275	2
274	1
273	6
272	2
271	4
270	2
269	5
268	2
267	1
266	3
265	6
264	1
263	2
262	3
261	2
260	3
259	5
256	2
255	1
254	5
253	3
252	2
251	4
250	1
249	5
248	4
247	2
246	3
245	1
244	1
243	5
242	5
241	5
240	2
239	2
238	1
237	5
236	5
235	1
234	2
233	1
232	2
231	5
230	2
229	1
228	2
227	4
226	3
225	2
224	3
223	2
222	6
221	3
218	3
217	2
216	2
215	1
214	2
213	1
212	3
211	6
210	4
209	3
208	2
207	4
206	1
205	1
204	2
203	1
202	1
201	3
200	4
199	2
198	5
197	2
196	3
195	3
194	3
193	2
192	1
191	2
190	5
189	3
188	4
187	2
186	2
185	2
184	2
183	4
182	1
181	3
180	2
179	3
178	1
177	5
176	7
175	2
174	3
173	3
172	3
171	3
170	6
169	4
168	4
167	2
166	6
165	2
163	1
162	2
161	2
160	3
159	2
158	5
157	3
156	3
155	6
154	4
152	1
151	2
150	4
149	5
148	3
147	3
146	1
145	1
144	4
143	3
141	3
140	4
139	3
138	2
137	1
136	4
135	2
134	3
133	1
132	4
131	2
130	2
129	5
128	4
127	1
126	3
125	3
123	3
122	4
121	7
120	5
119	2
118	1
117	4
116	2
115	3
114	2
113	1
112	5
111	3
110	2
109	5
108	7
107	4
106	2
105	2
104	2
103	4
102	3
101	2
100	4
99	4
98	3
97	2
96	5
95	3
94	2
92	2
91	1
90	1
89	1
88	2
87	3
86	4
85	6
84	5
83	3
82	5
81	2
80	4
79	2
78	3
76	2
75	1
74	4
73	4
72	2
71	3
70	6
69	1
68	3
67	5
66	2
64	2
63	2
62	2
61	4
60	6
59	1
58	3
57	2
56	2
55	2
54	5
53	2
52	3
51	1
50	3
