234
500
350	3
349	4
348	5
347	2
346	3
345	5
343	3
342	4
341	2
340	3
339	4
338	4
337	2
336	4
335	1
334	4
333	1
332	5
331	4
330	4
328	4
327	2
326	4
325	5
324	3
323	2
322	4
321	7
320	2
319	3
318	4
317	1
316	4
315	2
314	1
313	2
312	2
311	1
310	4
309	3
308	3
307	6
306	6
305	3
304	3
303	4
302	2
301	1
300	3
299	1
298	5
297	3
296	1
295	2
294	1
293	1
292	2
291	6
290	5
289	6
288	4
287	3
286	3
285	1
284	3
283	6
282	4
281	2
280	4
279	4
278	3
277	2
276	2
275	4
273	3
272	2
271	2
270	2
269	1
268	2
267	2
266	5
265	7
264	2
263	4
262	4
261	2
260	2
258	2
257	6
256	2
255	4
254	5
253	3
252	2
251	4
249	2
248	3
247	1
246	3
245	3
244	1
243	3
242	4
240	3
239	2
238	5
237	8
236	5
235	5
234	2
233	3
232	2
231	1
230	6
228	3
227	3
226	3
225	3
224	3
223	4
222	5
221	3
220	3
219	4
218	5
217	3
216	2
215	2
214	7
213	7
212	1
211	6
210	2
209	3
208	3
207	1
205	3
204	3
203	3
202	2
201	5
200	2
199	5
197	1
196	7
195	7
194	3
193	4
192	1
190	3
188	7
187	2
186	2
185	3
184	3
183	2
182	1
181	2
180	3
179	2
178	5
177	2
176	3
175	6
174	2
173	3
172	3
171	4
170	3
169	5
168	3
167	2
166	6
163	3
162	1
161	3
160	6
159	4
158	2
156	3
155	3
154	3
153	3
152	3
151	1
150	3
149	3
148	2
147	1
146	5
145	3
144	2
143	1
142	3
141	5
140	4
139	7
138	3
137	5
136	1
135	2
133	2
132	4
131	5
129	5
128	5
127	5
126	2
125	1
124	2
123	2
122	3
121	2
119	2
118	3
117	5
116	4
115	2
114	2
113	4
112	3
111	2
110	3
109	2
108	5
107	6
106	4
105	3
104	3
103	1
102	4
101	2
100	2
