84
400
320	1
319	1
314	1
313	1
311	2
303	1
301	2
297	1
296	1
293	1
288	1
277	1
276	1
273	1
272	3
268	1
266	1
265	1
264	1
260	1
251	2
245	1
242	1
240	1
234	1
230	2
229	2
226	1
225	1
224	2
218	1
215	2
213	1
212	1
211	1
209	1
207	1
203	1
199	1
191	1
189	1
186	1
185	1
183	1
181	1
174	1
170	1
169	1
163	2
159	2
158	1
154	1
151	1
148	1
147	1
140	1
136	1
134	1
132	1
130	1
129	1
128	1
127	1
125	1
124	1
121	1
119	1
118	1
115	2
113	1
110	1
105	1
102	1
101	2
100	2
99	1
97	1
96	1
94	1
93	2
89	1
86	1
82	2
81	1
