393
1000
700	2
699	4
698	4
697	3
695	3
694	4
693	1
692	2
691	1
690	1
686	3
685	3
684	2
683	6
681	1
680	2
679	1
678	1
677	1
676	2
675	3
674	1
673	3
672	1
671	3
670	1
669	2
667	1
666	2
665	1
664	3
662	2
660	3
658	1
657	2
656	2
655	1
654	1
652	1
651	1
648	1
647	2
645	1
642	2
641	1
639	5
638	3
637	2
636	1
635	2
634	2
633	1
631	1
630	2
628	2
627	3
625	2
624	1
623	1
621	1
619	2
618	1
617	2
616	1
614	3
613	2
612	4
611	3
610	1
609	1
608	2
606	2
605	1
602	3
601	1
600	2
599	1
598	2
597	3
596	1
595	2
594	3
593	1
592	5
591	2
590	1
589	1
588	2
587	1
586	2
585	1
584	1
583	3
582	1
581	1
579	1
578	1
577	5
576	1
575	1
574	5
573	3
572	1
571	2
570	2
567	1
565	1
564	1
563	1
562	2
561	2
560	2
559	1
558	1
557	1
555	3
554	3
553	1
551	4
550	1
549	1
548	1
547	1
545	1
544	2
542	2
541	2
539	2
538	2
537	1
536	1
535	2
534	1
531	2
530	1
529	2
528	2
526	2
524	3
523	4
519	3
518	2
517	2
516	2
515	3
513	3
512	2
511	1
510	3
509	1
508	2
507	3
506	2
505	1
504	4
503	1
502	1
501	3
500	2
499	2
498	1
496	1
494	1
493	1
492	1
491	1
490	4
489	1
488	1
485	3
484	1
483	5
482	2
478	5
477	2
476	1
474	3
473	1
472	1
470	2
469	1
468	1
467	1
466	1
465	1
464	1
463	1
462	2
461	1
460	2
459	2
458	4
457	2
456	1
455	1
454	2
452	3
451	3
448	1
447	3
446	1
445	2
444	3
443	2
442	2
441	2
440	2
438	1
437	2
436	1
433	2
432	1
431	3
430	2
429	1
428	2
427	1
426	3
424	1
421	2
420	2
419	1
417	1
415	1
414	2
413	1
412	1
411	3
410	2
409	3
406	1
405	1
404	1
403	2
402	3
400	1
398	1
395	1
393	2
390	1
388	3
387	2
386	2
385	1
384	1
383	1
381	5
380	1
379	2
378	3
377	4
375	2
374	1
373	2
371	1
370	1
369	2
367	1
366	1
365	2
364	1
362	3
360	1
359	2
358	2
357	2
356	2
354	5
353	1
352	2
350	2
349	1
348	1
347	1
346	4
345	2
344	1
343	3
341	2
340	1
339	1
338	2
337	1
335	2
334	3
332	3
331	1
330	3
329	2
327	5
326	2
325	2
324	1
322	3
321	2
320	3
319	2
318	1
316	1
315	3
312	2
311	2
310	3
308	1
307	1
306	2
305	2
304	2
303	3
302	2
301	2
300	2
299	3
297	3
296	2
295	1
293	2
292	3
291	3
290	5
289	2
288	1
286	1
285	2
284	1
283	2
282	1
281	3
280	3
279	3
278	1
277	2
276	3
275	2
274	1
273	2
272	1
271	1
269	1
268	1
267	1
266	1
265	1
264	1
263	2
262	3
261	1
260	2
259	2
258	1
254	1
252	3
250	2
249	2
248	2
247	2
246	2
245	2
244	1
243	2
242	2
239	2
238	5
237	2
236	2
235	4
233	2
231	2
230	2
229	1
228	1
227	1
225	1
224	1
223	1
222	2
221	4
220	4
218	2
217	3
215	1
214	6
213	2
212	2
211	1
209	1
207	2
205	1
204	1
203	1
202	2
201	2
200	3
