147
300
240	1
239	1
238	5
236	1
234	3
233	1
232	2
231	2
230	2
229	1
228	3
227	2
224	1
223	1
222	3
220	2
219	3
218	2
217	1
216	1
215	2
214	2
212	2
211	1
210	1
209	2
208	2
207	1
206	3
205	1
204	2
203	1
202	1
201	3
200	3
198	1
197	1
194	5
193	3
192	1
191	2
190	1
189	3
188	2
187	1
184	1
183	2
182	2
181	2
180	3
179	2
178	3
177	3
176	1
173	2
172	3
170	2
169	1
168	1
167	2
166	2
165	1
163	1
162	1
161	3
160	2
159	3
158	1
157	2
156	5
155	2
154	1
152	2
151	1
150	3
149	3
147	1
146	3
145	1
144	4
143	1
142	3
141	3
140	1
139	2
138	3
137	3
133	2
132	4
131	4
130	2
129	1
127	2
126	2
125	2
123	4
122	1
121	1
120	1
119	3
118	2
117	2
116	1
115	1
114	2
113	1
112	3
111	1
110	3
109	3
108	3
107	1
106	1
105	2
104	1
103	1
102	1
101	3
100	2
99	4
98	1
97	1
95	3
94	2
93	3
92	1
89	3
88	1
87	4
86	3
84	2
82	3
81	1
78	3
76	3
75	5
74	2
73	3
69	2
68	3
67	1
66	1
65	1
64	3
63	1
61	2
60	2
