146
500
349	2
347	1
346	1
344	1
340	1
339	3
338	1
334	3
333	1
328	1
327	1
324	1
323	2
322	1
319	1
318	2
313	1
312	1
310	2
309	2
305	1
303	1
302	3
300	1
297	1
296	1
294	1
293	1
290	3
284	1
275	3
274	1
273	1
272	1
270	1
269	1
268	2
267	2
266	1
264	1
263	1
260	1
257	1
256	1
254	1
252	2
251	1
249	1
245	1
244	1
243	1
242	2
241	1
238	2
237	1
230	1
226	2
224	3
223	3
221	1
220	1
217	1
215	1
214	1
213	2
211	2
210	1
209	1
208	1
206	2
203	1
202	1
200	2
199	1
196	1
195	2
193	1
190	1
188	1
187	2
186	2
182	1
177	1
176	1
175	1
174	1
172	2
171	2
168	2
165	1
163	1
162	1
161	1
157	1
151	1
150	1
148	2
146	1
143	2
142	1
141	1
140	2
137	1
136	1
133	1
132	1
129	2
126	2
125	1
122	2
121	1
119	1
116	2
115	3
113	1
112	1
105	1
104	1
102	1
97	1
96	2
95	1
92	1
91	2
89	2
88	2
86	3
83	2
82	2
79	1
78	1
77	2
75	1
74	1
72	1
71	1
67	1
66	1
65	1
63	1
62	2
61	1
55	1
52	1
51	1
50	1
