200
500
400	1
397	1
395	1
394	1
392	1
391	1
390	1
389	1
388	1
387	1
386	1
383	1
382	1
381	1
379	2
378	1
377	1
374	2
372	3
371	1
370	1
369	1
365	1
364	1
363	1
362	1
355	1
351	1
350	1
349	2
348	1
347	2
340	2
339	2
336	2
335	3
333	1
332	1
331	1
330	2
329	1
327	1
326	2
325	2
324	1
323	2
321	1
319	1
318	1
317	1
316	1
315	1
314	2
312	2
309	1
307	2
306	1
305	1
304	1
302	1
301	2
299	2
297	1
294	2
293	2
285	1
284	3
283	1
282	1
281	2
277	1
275	1
274	4
273	1
272	1
271	3
269	1
267	2
266	1
265	1
263	4
262	1
259	2
256	1
255	1
251	3
248	1
246	1
244	1
243	2
242	1
238	2
236	1
234	2
232	1
231	2
230	2
229	1
228	2
225	2
224	1
222	1
220	2
219	1
218	1
216	1
215	1
214	1
213	2
207	2
206	2
205	2
200	2
198	1
195	1
194	1
193	1
192	3
191	1
190	2
189	2
188	1
186	1
185	1
184	1
182	1
178	1
176	1
175	1
174	2
172	1
169	3
168	1
166	1
165	1
164	2
163	3
162	1
161	1
160	1
158	1
156	2
155	1
149	2
146	1
145	1
143	2
142	2
141	2
140	2
138	1
137	2
135	2
134	1
133	3
130	2
129	1
125	1
124	2
123	2
121	2
118	4
117	1
116	1
113	4
112	1
109	1
108	1
107	2
105	1
103	1
101	1
99	2
97	1
94	2
93	3
92	1
91	3
86	1
84	1
83	1
82	1
81	2
80	1
77	3
75	1
72	2
71	1
67	1
64	3
63	1
61	2
60	1
58	3
57	2
56	1
53	1
52	1
51	1
50	4
