238
1000
697	1
696	1
694	1
692	2
691	1
688	2
686	2
684	2
680	1
679	3
678	2
677	1
676	1
672	2
671	1
670	1
664	2
663	2
658	1
653	2
651	1
645	2
641	1
640	1
635	1
631	3
630	1
628	1
624	3
623	2
620	1
617	1
615	1
612	1
608	1
604	1
601	1
598	2
595	1
589	1
584	1
583	1
578	1
573	1
570	1
566	1
562	2
556	1
553	1
552	3
551	1
550	1
549	1
548	1
546	1
542	1
541	1
536	2
534	2
530	1
528	1
526	2
524	1
523	1
522	1
521	1
520	1
514	1
512	1
509	1
508	2
501	1
499	1
493	1
491	1
488	1
487	1
486	1
485	1
484	1
482	1
478	1
476	3
474	1
471	1
467	1
466	1
465	1
463	1
460	1
458	1
457	1
456	1
450	2
448	1
447	4
443	1
441	1
439	1
435	1
434	1
433	1
432	1
430	1
428	1
425	1
421	1
420	1
418	1
417	1
415	1
410	1
407	1
406	1
405	1
403	1
399	2
396	2
395	1
393	3
390	1
388	2
384	1
380	1
379	1
378	1
373	1
370	1
367	3
365	1
363	3
360	2
359	1
358	1
356	1
355	1
350	1
346	1
343	3
342	1
341	1
340	2
338	2
337	1
335	1
332	2
330	1
329	1
328	1
327	1
325	1
317	1
312	1
310	3
308	3
306	1
305	2
301	1
295	1
292	1
288	1
286	1
285	1
284	2
283	1
281	1
279	1
278	2
276	1
275	1
274	1
273	2
271	1
270	1
269	1
268	1
266	1
265	2
263	1
261	1
260	1
259	1
258	1
257	1
254	1
250	2
246	2
245	1
237	1
236	1
235	1
233	1
231	1
226	1
225	1
221	1
220	1
214	1
213	1
205	1
204	1
202	1
201	1
199	1
197	1
193	2
192	1
191	1
189	2
186	1
176	1
169	1
168	1
167	2
164	2
163	1
161	1
156	1
154	2
153	1
152	1
150	1
149	1
146	1
144	1
142	1
138	1
137	1
131	1
130	1
126	1
125	1
120	1
119	1
115	1
114	1
101	1
100	1
