237
400
320	2
319	2
318	2
317	7
316	2
315	4
314	1
313	5
312	5
311	5
310	3
308	5
307	2
306	8
305	5
304	5
303	2
302	4
301	4
300	3
299	5
298	5
297	5
296	5
295	6
294	3
293	4
292	3
291	4
290	2
289	4
288	6
287	3
286	5
285	1
284	2
283	3
282	7
281	4
280	4
279	3
278	7
277	9
276	2
275	1
274	7
273	3
272	3
271	5
270	3
269	3
268	7
267	3
266	3
265	1
264	3
263	2
262	6
261	3
260	2
259	5
258	4
257	5
256	2
255	1
254	8
253	2
252	5
251	3
250	4
249	13
248	8
247	3
246	3
245	3
244	6
243	5
242	1
241	4
240	1
239	11
238	5
237	3
236	6
235	2
234	4
233	4
232	4
231	3
230	3
229	7
228	5
227	3
226	3
225	3
224	5
223	1
222	3
221	3
220	5
219	3
218	8
217	3
216	1
215	6
213	2
212	6
211	5
210	6
209	10
208	3
207	4
206	4
205	3
204	2
203	7
202	5
201	1
200	2
199	5
198	1
197	6
196	2
195	2
194	4
193	4
192	5
191	2
190	6
189	6
188	3
187	8
186	6
185	1
184	4
183	5
182	6
181	4
180	4
179	1
178	3
177	11
175	6
174	3
173	3
172	8
171	4
170	3
169	2
168	2
167	2
166	5
165	5
164	3
163	5
162	6
161	2
160	4
159	1
158	5
157	4
156	7
155	3
154	4
153	3
152	3
151	3
150	3
149	5
148	3
147	3
146	7
145	4
144	6
143	6
142	2
141	2
140	6
139	7
138	4
137	2
136	8
135	2
134	5
133	4
132	8
131	2
130	2
129	5
128	2
127	3
126	6
125	2
124	8
123	5
122	4
121	3
120	4
119	5
118	4
117	4
116	4
115	2
114	6
113	3
112	4
111	7
110	5
108	6
107	6
106	6
105	7
104	11
103	5
102	6
101	6
100	5
99	8
98	5
97	5
96	3
95	4
94	4
93	2
92	6
91	8
90	8
89	2
88	3
87	3
86	3
85	2
84	2
83	3
82	3
81	4
80	9
