159
400
279	3
278	1
276	1
275	1
274	3
272	3
271	1
270	3
269	2
268	1
266	1
265	1
264	2
263	4
262	1
261	3
260	2
258	2
257	2
256	1
255	1
254	1
253	4
250	3
249	2
248	1
246	1
245	2
244	2
243	2
242	3
241	2
240	1
239	2
238	1
237	1
236	1
234	2
233	2
232	2
230	5
229	1
228	3
227	2
225	1
224	4
223	1
222	2
221	1
219	1
218	2
217	2
216	2
214	1
213	1
212	1
211	1
209	2
207	3
206	3
205	3
204	2
201	1
198	2
197	4
196	1
195	1
194	3
191	3
190	2
189	3
188	2
187	1
186	2
185	1
184	2
181	2
180	1
179	3
178	1
177	2
175	1
173	2
172	2
171	1
170	4
169	2
168	2
167	3
166	3
165	2
164	1
163	1
162	2
161	1
160	1
158	5
157	1
155	2
154	1
152	2
150	2
148	2
147	2
146	1
145	2
143	3
141	1
140	2
139	1
138	1
137	1
136	3
135	1
133	2
132	1
129	3
128	2
127	2
126	3
125	2
123	3
122	1
121	3
120	1
119	1
118	2
116	1
115	2
114	2
113	3
112	3
111	1
108	3
107	1
106	1
105	1
103	1
102	1
101	1
100	1
99	4
98	1
97	1
96	2
95	1
94	4
93	2
92	2
91	2
90	1
89	1
86	1
85	2
84	4
83	1
82	1
81	4
80	2
