237
400
320	4
319	3
318	6
317	4
316	6
315	9
314	2
313	2
312	4
311	3
310	6
309	4
308	3
307	9
306	5
305	5
304	11
303	2
302	6
301	2
300	7
299	7
298	7
297	7
296	4
295	7
294	2
293	1
292	5
291	7
290	2
289	5
288	3
287	1
286	5
285	3
284	7
283	2
282	4
281	7
280	5
279	2
278	7
277	4
276	3
275	3
274	4
273	6
272	2
271	2
270	7
269	6
268	3
267	3
266	5
265	5
264	8
263	2
262	2
261	5
260	3
259	6
258	4
257	4
256	1
255	4
254	6
253	1
252	4
251	1
250	3
249	3
248	2
246	4
244	6
243	3
242	1
241	1
240	9
239	4
238	3
237	5
236	3
235	2
234	7
233	2
232	6
231	4
229	5
228	3
227	5
226	2
225	4
224	4
223	2
222	2
221	1
220	4
219	6
218	1
217	6
216	5
215	4
214	5
213	4
212	5
211	3
210	5
209	3
208	6
207	5
206	9
205	7
204	4
203	6
202	3
201	6
200	4
199	9
198	9
197	3
196	7
195	1
194	3
193	5
192	1
191	2
190	4
189	3
188	6
187	2
186	3
185	2
184	1
183	7
182	3
181	4
180	4
179	1
178	5
177	1
176	3
175	3
174	2
173	2
172	5
171	6
170	6
169	6
168	5
167	4
166	2
165	8
164	2
163	1
162	6
161	4
160	7
159	1
157	2
156	2
155	6
154	6
153	2
152	7
151	3
150	6
149	6
148	5
147	4
146	2
145	5
144	7
143	8
142	6
141	1
140	7
139	2
138	4
137	4
136	7
135	8
134	3
133	7
132	4
131	2
130	3
129	3
128	5
127	3
126	5
125	10
124	1
123	2
122	2
121	3
120	5
119	5
118	6
117	6
116	1
115	4
114	5
113	10
112	5
111	2
110	5
109	4
108	4
107	1
106	2
105	4
104	7
103	2
102	1
101	7
100	5
99	3
98	4
97	4
96	4
95	3
94	3
93	9
92	4
91	3
90	3
89	5
88	4
87	3
86	2
85	5
84	7
83	2
82	6
81	4
80	5
