213
500
400	2
399	2
397	1
396	1
394	1
393	2
392	1
391	1
390	1
389	1
388	1
387	3
386	2
384	2
383	4
382	2
381	2
380	1
379	1
378	3
376	2
375	2
373	2
371	2
370	2
368	1
366	1
364	1
362	1
360	3
359	4
357	1
356	1
354	2
353	2
352	2
351	2
350	1
349	3
348	6
346	2
345	2
344	2
343	2
342	2
341	1
340	2
339	2
338	1
337	1
336	2
334	1
333	3
329	2
328	1
321	4
319	1
316	2
315	1
314	1
313	2
310	2
306	2
305	1
303	1
302	3
301	3
299	1
298	1
297	2
295	1
294	1
293	1
292	4
291	1
290	1
288	3
287	1
286	2
284	2
283	2
282	1
279	1
278	3
277	2
276	2
273	3
271	4
270	2
269	2
268	2
266	2
265	2
262	1
261	2
259	1
258	2
256	4
255	2
254	1
253	3
252	1
251	2
250	1
248	1
247	4
246	1
244	1
243	3
242	2
240	1
238	3
236	1
233	2
232	2
231	2
228	2
227	2
226	1
224	1
222	1
221	2
220	2
219	4
218	1
217	3
216	2
215	1
214	1
211	1
210	2
209	2
208	2
207	3
206	1
205	2
204	3
203	1
202	4
201	3
199	1
197	1
196	1
195	3
192	2
190	1
189	2
188	1
185	2
183	3
181	1
180	2
179	1
178	1
177	2
176	2
175	1
173	1
172	2
170	2
169	1
168	4
166	1
165	2
161	3
160	2
159	1
157	2
155	1
154	1
153	1
152	2
151	2
149	2
148	1
147	2
145	3
144	2
143	1
142	1
140	1
139	3
138	3
136	4
135	3
134	2
133	1
131	1
130	5
128	1
127	1
124	1
123	2
122	3
121	3
120	3
119	2
118	1
117	2
116	2
114	3
113	2
112	2
111	1
110	2
109	2
108	1
107	2
106	3
105	3
104	2
102	2
100	1
