189
400
319	1
317	1
316	1
315	1
314	2
313	1
312	1
310	1
309	1
308	1
306	3
304	1
302	3
301	3
299	2
298	2
297	2
296	1
294	1
291	2
290	1
289	1
288	1
285	1
284	1
282	2
281	1
278	1
277	2
276	1
275	4
274	3
273	1
270	3
269	1
268	2
267	1
266	1
265	2
263	2
262	2
261	1
259	2
257	1
256	1
255	1
253	1
251	4
249	1
248	2
246	3
245	2
242	1
241	3
240	2
239	1
235	1
234	1
233	1
232	1
230	1
229	1
228	1
226	2
224	1
218	2
217	1
216	1
213	2
212	1
211	1
209	2
208	3
206	1
203	2
202	1
201	1
200	1
198	1
194	3
192	1
190	3
189	2
186	1
185	1
184	2
183	2
181	1
180	2
179	1
177	2
176	3
175	2
171	4
169	1
166	2
164	1
163	1
162	2
160	1
159	1
158	1
156	1
155	1
154	3
152	2
151	2
149	2
148	2
147	2
145	1
144	1
143	3
142	2
140	2
139	1
138	1
136	1
133	1
132	2
131	2
130	2
129	1
128	2
125	1
124	1
123	2
121	2
120	2
119	1
118	1
117	1
116	2
115	2
114	2
112	1
111	2
110	2
108	1
106	2
104	1
103	1
102	1
101	1
100	1
99	1
98	1
97	2
96	2
95	1
93	2
92	2
89	1
88	1
85	1
84	2
83	1
82	2
81	2
80	1
79	1
78	3
77	3
76	3
75	1
74	2
73	1
72	1
69	1
67	3
66	1
65	1
64	2
61	3
60	2
58	1
57	1
56	5
55	2
54	1
53	2
52	1
51	2
50	1
49	1
47	1
46	2
45	1
42	1
