285
500
400	3
399	1
398	4
397	1
396	7
395	3
394	1
393	1
392	6
391	3
390	9
389	2
388	4
387	4
386	4
385	6
384	2
383	1
382	5
381	2
380	2
379	2
378	2
377	2
376	3
375	4
374	1
372	4
371	5
370	2
369	3
368	3
367	1
366	1
365	6
364	3
363	1
362	5
361	5
360	6
359	3
358	5
357	5
356	2
355	6
354	3
353	4
352	1
351	2
350	1
349	7
348	3
346	2
345	3
344	3
343	1
342	4
341	2
340	2
339	4
338	2
337	4
336	3
335	4
334	3
333	1
332	4
331	2
330	2
329	6
328	5
327	1
326	5
325	3
324	4
323	3
322	1
321	2
320	3
319	4
318	5
317	5
316	4
315	4
314	1
313	5
312	5
311	5
310	4
309	3
308	6
307	3
306	5
305	2
304	5
303	2
302	3
301	6
300	3
298	6
297	5
296	5
295	5
294	2
293	5
292	4
291	5
290	3
289	2
288	2
287	5
285	3
284	3
283	4
282	6
281	2
280	3
279	4
278	2
277	5
275	4
274	4
273	3
272	1
271	3
270	3
269	1
268	3
267	6
266	4
265	4
264	1
263	5
262	2
261	2
260	5
259	2
258	6
257	3
256	5
255	5
254	5
253	2
252	7
251	4
250	4
249	2
248	2
247	3
246	2
245	5
244	4
243	3
242	2
241	1
240	2
239	1
238	2
237	3
236	3
235	7
234	7
233	10
232	4
231	2
228	1
227	6
226	2
225	5
224	2
223	1
221	1
220	3
219	2
218	3
217	2
216	3
215	4
214	2
213	3
212	6
211	4
210	6
209	1
208	3
207	7
206	4
205	6
204	3
203	2
202	5
201	5
200	7
199	1
198	7
197	5
196	5
195	6
194	6
193	1
192	1
191	4
190	1
189	4
188	4
187	7
186	5
185	1
184	2
182	2
180	6
179	7
178	3
177	7
176	1
175	2
174	3
173	7
172	3
171	7
170	6
169	2
168	3
167	2
166	3
165	1
164	4
163	6
162	2
161	2
160	3
159	3
158	1
157	2
156	2
155	3
154	1
153	3
152	4
151	4
150	7
149	6
148	3
147	4
146	1
145	3
143	3
142	4
140	4
139	3
138	4
137	3
135	2
134	1
133	2
132	2
131	3
130	4
129	1
128	9
127	6
126	3
125	4
124	2
123	7
122	3
121	3
120	5
118	7
116	2
115	1
114	5
113	3
112	6
111	2
110	7
108	5
107	5
106	3
105	2
104	2
103	3
102	4
101	2
100	4
