87
500
347	1
341	1
340	2
335	1
331	1
330	1
320	1
318	1
316	1
314	1
313	2
312	1
310	1
309	1
300	1
290	1
286	1
282	1
280	1
278	1
274	2
269	1
268	2
267	3
266	1
261	1
260	2
256	1
253	1
251	1
244	1
242	1
241	1
239	1
238	1
231	1
226	1
225	1
224	1
222	1
215	1
212	1
209	1
204	1
203	1
200	1
198	1
194	1
191	1
190	1
189	2
186	1
184	1
182	1
178	1
176	1
175	1
172	1
167	1
163	2
161	1
154	1
153	1
149	1
148	1
147	1
146	1
143	2
141	1
137	1
133	1
125	2
123	1
120	1
111	1
107	1
105	2
101	1
100	1
96	1
95	1
88	1
86	1
84	1
80	2
79	1
70	1
