435
1000
699	1
698	2
697	3
695	1
694	4
693	2
692	1
691	1
690	2
688	1
687	2
685	1
684	1
683	4
682	2
680	2
679	1
678	1
677	1
676	1
675	2
674	2
672	1
671	2
669	1
667	1
666	2
665	3
664	3
663	2
662	1
661	1
660	2
658	1
657	1
656	2
654	1
653	1
652	2
651	1
650	3
649	1
648	3
647	4
646	3
645	2
643	1
640	2
639	1
638	1
637	1
635	3
634	1
633	1
631	1
629	1
628	1
626	3
624	1
623	3
622	1
621	1
619	1
618	1
617	2
616	2
615	1
614	1
613	1
612	1
610	1
608	3
607	4
606	1
605	4
604	1
603	2
601	2
600	1
598	2
597	2
596	1
595	2
594	5
593	1
592	2
591	3
590	3
589	1
588	1
587	1
585	2
584	2
583	3
582	1
581	2
580	3
578	1
577	1
576	2
575	1
574	2
571	1
569	1
567	1
566	1
565	2
564	2
562	1
561	2
559	2
557	1
556	3
555	2
554	2
553	1
552	3
550	1
549	4
548	1
546	5
543	2
542	2
541	1
540	1
539	2
537	2
534	1
533	1
532	1
530	2
529	1
528	3
527	1
524	2
523	2
522	1
521	3
520	1
517	1
516	2
515	2
514	2
512	1
511	1
510	2
509	2
507	3
506	1
505	1
504	3
503	3
502	1
500	2
499	3
497	2
496	2
492	1
491	2
490	3
489	2
488	1
487	1
486	2
485	2
480	1
479	1
478	2
475	1
474	1
473	2
472	3
471	1
469	4
468	1
467	1
465	1
464	1
463	2
462	2
461	2
460	1
459	2
457	1
456	4
455	2
454	2
453	1
452	2
450	1
449	1
448	1
447	2
443	3
442	1
441	1
440	3
439	3
438	1
437	1
435	2
434	1
433	3
431	3
430	2
429	2
428	1
427	1
426	2
425	2
424	1
421	2
420	1
419	1
418	2
417	1
415	2
413	2
412	1
411	2
410	1
408	1
407	2
405	2
404	2
403	2
401	1
399	1
398	1
397	2
393	1
392	1
391	2
390	2
389	3
388	3
386	2
384	1
383	2
382	1
381	1
380	2
379	1
377	1
376	1
375	1
374	3
373	3
371	1
370	1
369	1
368	2
367	2
366	2
365	1
360	4
359	3
355	1
353	2
352	2
350	1
349	1
348	1
347	1
346	1
344	1
343	1
342	2
340	4
338	2
337	1
336	3
335	1
334	2
332	1
331	3
330	1
328	1
327	2
326	2
325	2
324	2
323	1
322	1
321	1
319	1
317	1
316	2
313	3
311	1
310	2
309	3
308	1
307	1
305	1
304	2
303	1
302	2
300	1
299	3
298	1
297	7
295	1
294	1
292	1
291	3
289	1
288	1
287	1
284	1
283	1
282	1
281	1
280	1
279	1
278	3
277	2
276	2
274	2
272	2
271	2
270	1
269	2
268	1
266	2
263	3
262	1
256	2
255	2
253	2
252	2
251	1
249	2
248	1
247	1
245	2
244	3
243	2
242	1
241	2
240	2
239	1
238	3
237	2
236	1
234	3
233	3
232	1
229	1
228	4
227	2
225	1
224	1
223	3
221	2
219	2
218	1
217	1
212	1
211	2
210	2
209	1
208	1
206	1
205	1
204	3
202	1
201	1
199	1
198	1
197	1
195	1
193	1
192	3
191	3
188	4
187	1
184	1
183	1
182	2
180	2
179	1
178	3
176	2
175	1
174	3
173	1
170	2
169	1
168	4
167	1
166	3
165	2
164	1
163	1
162	3
159	2
158	2
157	2
155	2
154	1
151	2
150	2
149	1
148	1
146	3
145	2
143	2
142	1
141	1
140	2
139	1
138	1
136	1
132	1
131	1
130	2
128	1
127	3
126	1
125	4
124	1
122	1
121	2
118	3
117	3
116	2
115	3
114	1
112	1
110	2
107	1
106	2
103	1
100	1
