96
200
140	5
139	4
138	4
137	5
136	4
135	6
134	4
133	3
132	1
131	1
130	3
129	3
128	5
127	2
126	2
125	2
124	2
123	1
122	5
121	5
120	2
119	2
118	4
117	4
115	1
114	2
113	1
112	5
111	1
110	4
109	3
108	2
107	2
106	2
105	3
104	2
103	4
102	4
101	6
100	1
99	5
98	2
97	2
96	2
95	4
94	4
93	4
92	5
91	3
90	3
89	4
88	5
87	5
86	2
85	3
84	1
83	1
82	2
81	3
80	5
79	4
78	3
77	4
75	4
74	2
73	3
72	3
71	6
70	3
69	1
68	4
67	1
66	4
65	3
64	3
63	2
62	4
61	1
60	7
58	5
57	2
56	3
55	3
54	5
52	2
50	1
49	2
48	3
47	5
46	4
45	3
44	2
43	3
42	5
41	2
40	1
