121
200
160	7
159	4
158	12
157	12
156	10
155	11
154	8
153	11
152	8
151	7
150	5
149	10
148	8
147	11
146	7
145	7
144	6
143	10
142	9
141	11
140	7
139	9
138	11
137	10
136	8
135	6
134	4
133	10
132	6
131	11
130	12
129	4
128	10
127	7
126	13
125	7
124	6
123	11
122	9
121	9
120	9
119	11
118	11
117	8
116	6
115	8
114	7
113	11
112	8
111	8
110	10
109	6
108	8
107	6
106	3
105	7
104	10
103	10
102	4
101	7
100	12
99	6
98	8
97	5
96	8
95	9
94	3
93	3
92	9
91	9
90	9
89	7
88	7
87	9
86	6
85	8
84	11
83	7
82	9
81	17
80	7
79	2
78	3
77	9
76	7
75	9
74	10
73	10
72	8
71	7
70	8
69	9
68	11
67	7
66	4
65	7
64	6
63	14
62	9
61	6
60	11
59	7
58	13
57	6
56	8
55	10
54	11
53	9
52	7
51	6
50	11
49	6
48	12
47	9
46	6
45	12
44	5
43	11
42	13
41	6
40	4
