173
500
350	2
348	2
346	6
344	1
343	1
340	2
339	3
338	2
337	2
336	1
331	2
329	3
328	1
324	2
322	1
320	3
319	2
317	2
316	2
315	2
314	2
313	1
312	1
310	2
307	1
306	1
305	3
304	5
302	1
301	2
300	3
299	3
298	2
295	1
291	1
290	4
288	3
287	3
286	1
284	1
282	2
280	2
270	2
268	1
267	1
265	2
264	1
261	1
260	2
259	2
258	2
257	1
256	2
255	1
254	2
252	3
250	2
247	4
246	2
244	1
242	2
241	1
240	2
239	1
238	1
237	2
235	1
233	2
231	1
229	2
228	3
227	1
226	2
225	1
223	2
219	2
217	2
216	1
215	2
214	2
212	2
208	1
205	1
204	2
203	1
201	2
197	2
194	1
190	1
189	1
188	2
185	2
181	1
179	1
178	2
177	1
176	1
173	2
172	2
171	1
170	1
169	2
167	5
166	3
161	4
159	1
158	1
157	2
156	1
155	2
154	3
152	1
151	2
150	1
149	1
148	3
146	2
145	1
144	1
137	1
135	2
134	1
133	1
132	3
131	2
129	1
128	1
127	2
125	2
124	1
122	1
121	3
120	1
119	2
118	1
117	1
114	1
113	1
112	2
111	1
109	2
107	2
105	1
102	1
100	1
99	1
98	1
96	1
94	1
92	1
89	1
88	3
86	2
83	1
82	1
80	1
79	1
78	3
77	3
75	1
74	5
73	2
67	1
66	1
65	2
63	2
62	2
58	1
57	1
56	1
53	1
52	1
51	2
