242
500
350	2
349	3
348	2
347	3
346	3
345	3
344	5
343	4
342	2
341	6
339	2
338	3
337	4
336	6
335	6
334	3
333	2
332	1
330	5
329	5
328	2
327	5
326	1
325	2
323	1
322	1
321	4
320	7
319	6
318	5
317	2
316	2
315	1
314	3
313	4
312	5
311	3
310	1
309	2
308	3
307	3
306	1
305	5
304	3
303	3
302	3
301	1
300	3
299	5
298	6
297	6
296	6
295	4
294	4
293	2
292	4
291	3
290	4
289	3
288	1
286	2
285	5
284	4
283	2
282	2
281	3
280	2
279	2
278	1
277	2
276	6
275	2
274	1
273	4
272	3
271	2
269	3
268	1
267	1
266	5
265	2
264	4
263	5
262	2
261	5
259	4
258	2
257	2
256	5
255	1
254	2
253	2
252	3
251	4
250	2
249	1
248	4
247	1
246	6
245	2
244	4
243	4
242	2
241	2
240	4
239	3
238	2
237	3
236	2
235	2
234	4
233	3
232	2
231	4
230	6
229	4
228	6
227	2
226	2
225	1
224	4
223	1
222	8
221	3
220	1
218	3
217	6
216	6
215	1
214	4
213	3
212	5
211	2
210	2
209	3
208	4
207	2
206	6
205	6
204	4
203	4
202	2
201	1
200	3
199	2
198	2
197	1
196	4
195	2
194	1
193	4
191	2
190	2
189	4
188	3
187	1
186	3
185	1
184	5
183	4
182	2
181	2
180	3
179	1
178	2
177	2
176	2
175	4
174	3
173	1
172	1
171	4
170	2
169	4
168	2
167	1
166	2
165	3
164	2
163	3
162	4
161	5
160	5
159	5
158	2
157	4
156	1
155	4
154	4
153	4
152	2
151	2
150	2
149	3
148	5
147	4
145	2
144	1
143	4
142	2
141	5
140	1
139	1
138	7
137	2
136	6
135	4
134	3
133	3
132	4
131	8
130	3
129	4
128	4
127	2
126	4
125	3
124	2
123	2
122	1
121	9
120	4
119	3
118	2
117	3
116	2
115	3
114	3
113	1
112	3
111	4
110	3
109	5
108	6
107	2
106	3
105	2
104	6
103	3
102	1
101	1
100	2
