244
500
348	3
347	4
346	2
344	2
342	3
341	2
340	2
339	1
338	1
337	3
336	5
334	1
333	3
332	2
331	1
330	3
329	2
327	1
326	2
325	4
324	3
323	3
322	2
321	1
320	6
318	2
317	2
316	3
315	1
313	2
310	2
309	3
308	2
307	1
306	3
305	1
304	1
303	3
302	1
301	1
300	2
299	1
298	2
297	2
296	2
295	2
294	1
293	2
292	2
291	1
290	2
287	1
286	2
285	2
284	1
283	2
282	2
281	2
279	3
278	2
277	1
274	2
271	1
269	1
268	3
267	3
266	1
265	1
264	2
262	3
261	1
260	1
259	3
258	4
257	2
256	2
255	2
254	1
253	1
251	2
250	2
249	2
246	1
245	2
244	3
243	2
242	3
241	1
240	1
239	2
238	3
237	2
236	3
234	2
233	2
232	2
231	2
230	3
229	1
227	1
226	2
223	2
222	3
221	1
220	2
219	1
218	3
217	1
216	1
215	1
212	4
210	2
208	1
206	2
205	2
204	1
203	2
202	1
201	1
199	2
198	1
197	1
196	2
195	1
194	1
193	2
192	4
191	3
189	2
188	1
185	2
184	1
183	2
182	1
181	5
180	4
179	4
177	5
173	2
172	2
171	1
170	4
169	2
168	3
167	1
165	4
164	2
163	2
162	1
160	2
159	3
158	1
156	2
155	5
154	1
153	3
152	2
151	4
150	3
148	3
147	1
146	2
145	2
144	4
142	6
141	2
140	2
139	3
138	1
137	1
136	1
135	1
134	1
133	1
132	3
131	2
130	2
129	1
128	1
127	2
125	2
124	2
123	1
122	4
121	1
120	1
119	4
118	2
117	3
116	1
115	2
113	5
112	2
110	1
109	1
108	2
107	1
105	1
104	2
103	1
101	3
98	1
97	2
96	3
95	3
94	1
93	1
92	4
91	2
89	2
88	2
87	1
86	2
85	1
84	2
81	3
80	3
79	1
78	3
77	2
76	2
74	1
73	3
72	1
71	3
69	1
68	1
67	1
66	1
65	1
64	1
63	3
62	1
61	2
60	1
59	3
58	2
57	2
56	4
55	1
54	2
53	3
52	5
50	2
