158
300
240	3
239	1
238	3
237	5
235	6
234	1
233	3
232	5
231	2
230	4
229	1
228	4
227	2
226	2
225	1
224	6
222	4
220	2
219	2
218	2
216	2
215	2
214	4
213	3
212	3
211	1
210	2
208	2
207	2
206	3
205	2
204	2
202	3
201	2
200	3
199	2
196	4
194	2
193	1
190	2
189	2
188	2
187	5
186	1
185	1
184	4
183	1
182	1
181	3
180	5
179	4
177	1
176	2
175	3
174	3
173	4
172	3
171	3
170	4
169	2
168	1
167	1
166	2
165	1
164	3
163	2
162	4
161	1
160	3
159	2
157	2
156	2
155	3
154	1
153	1
152	5
151	1
150	2
149	1
148	2
147	2
146	1
145	5
144	3
143	2
142	5
140	3
139	3
138	1
137	5
136	2
135	1
133	4
132	3
131	4
130	4
129	1
128	3
127	1
125	1
124	1
123	3
122	1
121	4
120	3
119	1
117	5
116	2
115	4
114	3
113	2
112	1
111	3
110	1
109	3
108	3
107	4
106	3
105	1
102	4
101	2
100	2
99	3
98	3
97	2
95	3
94	1
93	1
92	1
90	7
89	2
88	2
87	3
86	2
85	1
84	3
83	1
82	4
81	1
80	2
79	2
78	2
77	5
76	3
75	2
74	1
73	2
72	3
71	4
70	4
69	2
67	2
66	2
65	3
64	3
63	1
62	6
60	1
