181
1000
798	1
789	1
787	1
781	1
776	1
775	1
774	1
773	1
770	1
769	1
768	1
766	1
763	1
760	1
755	1
753	1
744	1
743	1
737	1
732	1
727	1
722	1
719	1
718	1
717	1
709	1
706	1
701	1
693	1
689	1
684	1
683	2
679	1
678	1
677	1
670	1
668	1
666	1
665	1
656	1
653	2
651	1
650	1
644	2
643	1
640	1
639	1
633	1
626	1
619	1
617	1
615	1
612	1
599	1
581	1
580	1
569	1
567	2
559	1
558	1
557	1
553	1
552	1
549	1
544	1
540	1
538	1
532	2
531	1
530	1
528	1
527	1
524	1
522	1
515	1
507	2
500	1
493	1
487	1
482	2
478	1
477	1
476	1
475	1
466	1
464	1
459	1
457	1
456	1
447	1
441	1
436	2
434	1
431	1
429	1
428	1
412	1
408	1
402	2
400	1
398	1
386	1
382	1
380	2
379	1
377	1
369	1
364	1
363	1
358	1
355	1
353	1
349	1
339	1
335	1
320	1
317	1
315	1
313	1
309	1
308	1
306	2
301	1
292	1
279	1
277	1
274	1
273	1
269	1
264	1
261	1
259	2
251	1
245	1
241	1
239	1
238	1
237	1
230	1
223	1
222	1
215	2
214	1
208	1
196	1
195	1
194	2
193	1
192	1
190	1
189	1
185	1
179	1
176	1
174	2
173	1
168	2
166	1
164	1
163	1
161	1
159	1
158	2
157	1
154	1
151	1
150	2
146	1
145	1
137	1
136	1
134	1
132	1
131	1
125	1
124	1
115	2
113	1
108	1
104	1
103	1
