221
500
350	3
349	2
347	1
345	1
344	2
343	2
342	1
341	1
338	2
337	2
336	3
335	2
334	1
333	1
331	1
329	2
328	2
327	1
326	2
325	1
324	1
323	2
322	1
321	1
319	2
317	1
316	2
315	3
314	1
313	2
312	4
311	1
310	4
309	2
307	2
306	1
305	3
304	1
303	3
302	3
301	3
300	1
299	2
298	2
297	1
296	1
294	2
293	2
291	3
290	2
287	1
286	1
285	1
283	2
282	3
281	1
280	2
279	1
278	4
277	1
276	2
275	2
273	2
272	2
269	1
268	1
267	1
265	1
263	3
262	1
261	1
260	4
259	2
258	2
253	2
252	2
251	1
250	3
248	1
244	1
243	1
242	3
241	1
239	1
238	4
236	2
235	1
234	1
232	3
231	1
230	2
227	1
226	3
225	2
224	2
223	1
222	2
221	2
220	1
218	2
217	3
214	3
213	3
212	1
211	3
210	4
209	2
206	4
205	2
204	1
202	1
201	3
200	1
199	1
197	2
196	1
195	3
194	2
191	3
187	1
185	1
184	2
183	1
182	2
180	2
179	1
178	1
177	1
176	2
174	1
173	2
172	1
171	2
170	1
169	2
168	4
167	2
164	5
163	2
162	1
161	3
160	1
159	3
158	3
157	3
155	1
154	1
153	1
152	3
151	1
150	1
149	1
148	5
147	1
146	1
143	2
142	1
141	1
140	1
139	2
138	2
137	1
135	3
134	2
133	2
132	1
131	2
130	1
128	1
127	2
125	1
124	1
123	1
122	3
121	1
119	1
118	3
116	2
115	2
114	3
112	1
110	3
109	1
107	1
106	2
105	1
103	1
102	2
100	2
99	1
97	2
96	1
94	2
93	1
92	1
91	1
89	2
87	1
86	3
85	3
82	1
81	1
79	1
78	2
76	1
75	2
74	2
73	1
72	1
71	5
70	1
69	2
66	2
65	2
64	1
61	2
59	3
58	1
55	2
54	2
53	2
