214
750
599	1
597	1
594	1
592	1
587	1
586	1
584	1
578	1
574	1
569	1
568	1
567	1
566	2
562	2
559	3
557	1
556	1
553	1
547	1
541	2
540	1
539	1
537	1
535	2
533	2
532	1
531	3
530	1
526	1
525	1
523	3
522	1
521	1
516	2
513	1
512	1
511	1
508	1
507	1
506	1
505	1
504	1
497	1
496	1
495	2
493	2
490	1
489	1
488	1
487	2
486	2
485	1
484	1
482	2
481	1
479	1
476	2
473	1
472	2
471	2
470	1
469	3
468	3
464	1
463	1
462	3
461	1
460	2
453	1
451	1
450	2
448	1
446	1
444	1
443	1
442	1
434	2
433	1
432	1
429	1
428	2
427	1
426	1
423	1
422	1
421	1
420	3
417	2
415	2
413	1
411	1
410	2
406	3
402	2
401	1
400	1
398	3
396	1
393	2
391	1
390	1
389	1
388	1
386	1
385	1
384	1
381	1
380	1
379	2
378	4
377	1
376	1
372	1
371	2
370	1
367	3
365	1
362	1
361	1
359	2
354	1
353	1
337	1
336	1
334	1
332	1
331	2
328	1
326	1
325	1
323	2
322	1
320	4
318	1
317	1
316	1
315	1
314	1
312	1
311	1
310	1
309	1
306	1
299	4
296	2
294	2
290	2
286	1
284	4
282	1
281	2
280	3
278	1
276	1
275	2
273	2
266	1
265	1
261	1
257	1
255	1
253	1
251	1
250	2
249	3
248	1
245	1
244	1
241	1
239	1
232	1
229	4
227	1
226	1
224	2
223	1
221	1
220	1
217	3
216	1
215	1
214	2
212	1
210	1
208	1
207	1
204	2
203	1
201	2
200	1
198	1
197	1
195	1
194	1
193	1
190	2
189	1
183	1
178	2
174	1
172	3
170	1
169	1
168	1
167	1
166	1
165	1
164	2
162	2
161	1
159	1
154	1
152	1
151	1
