235
500
400	3
397	1
395	1
394	2
393	2
391	1
390	1
388	1
387	2
384	1
383	1
381	4
380	1
379	1
378	1
377	2
376	1
375	3
373	1
372	2
371	1
370	1
367	3
365	3
363	4
362	1
361	4
360	1
359	1
356	3
354	3
353	2
352	1
351	1
350	2
349	1
348	1
347	2
344	2
343	1
342	1
341	2
340	3
337	3
336	2
335	2
332	1
331	1
329	3
328	1
326	2
325	1
324	2
323	1
321	2
319	1
318	2
316	1
315	1
314	2
312	2
311	1
310	2
309	1
308	1
307	1
305	1
304	1
302	1
301	2
300	1
299	1
298	2
297	1
296	2
295	2
294	2
293	1
289	2
288	2
286	2
285	2
284	1
282	1
280	1
279	2
278	2
277	1
276	1
275	4
271	1
266	1
265	1
264	2
263	1
261	1
257	3
255	2
252	2
250	1
249	5
248	1
246	2
245	3
244	2
243	1
241	1
240	1
237	1
234	1
233	1
232	1
229	1
228	3
226	1
225	2
224	1
223	2
222	2
220	1
218	1
217	6
215	2
214	1
213	2
211	1
210	1
209	1
208	2
205	2
204	2
203	2
201	1
200	1
199	1
198	3
197	1
195	1
193	1
192	1
191	3
190	2
189	1
188	1
187	1
186	2
185	1
183	1
181	2
180	1
178	4
177	1
176	3
175	1
174	1
173	2
171	2
167	1
166	1
165	1
164	3
163	2
161	1
159	2
156	3
155	2
153	3
148	1
147	1
146	2
142	3
140	3
138	2
137	3
134	1
133	2
131	1
130	2
128	1
127	1
126	1
125	1
124	1
123	3
122	2
121	2
120	4
119	2
116	3
115	2
113	1
112	1
111	2
110	2
105	3
104	2
103	1
101	1
100	2
99	3
98	4
97	1
96	1
95	1
94	2
93	1
92	2
91	3
89	2
88	3
86	1
84	1
82	1
80	2
79	1
78	1
77	2
76	1
75	2
73	1
72	3
69	2
68	2
67	1
66	2
65	2
63	1
62	1
61	1
59	2
58	1
56	1
54	4
53	2
52	1
