209
400
319	4
318	3
317	1
316	1
315	2
314	3
313	3
312	1
311	2
310	2
309	1
308	2
307	2
306	1
305	1
304	2
303	1
302	1
301	2
300	4
299	3
298	1
297	1
296	1
294	1
293	1
291	2
290	1
289	1
287	1
286	1
285	1
283	1
282	1
280	1
279	1
278	2
276	2
274	2
273	2
272	1
271	3
270	1
269	2
268	2
267	1
266	2
265	1
264	2
263	2
262	2
261	1
260	2
259	3
258	2
254	4
253	2
252	4
251	1
249	1
248	2
246	1
245	1
244	2
243	3
242	2
241	3
239	1
238	2
237	1
236	1
235	2
234	4
232	2
231	2
230	3
229	2
227	2
226	1
225	3
224	1
222	1
220	1
218	1
217	2
216	2
215	2
213	2
212	2
211	1
210	2
209	1
208	1
207	2
206	3
205	3
204	1
203	1
202	2
200	4
199	2
198	2
197	3
196	4
195	1
194	1
193	2
192	3
191	1
190	1
189	4
188	1
187	3
185	1
184	1
183	2
182	1
181	2
180	3
179	1
178	1
177	4
176	1
175	2
174	1
173	1
172	2
170	2
169	2
168	2
167	1
166	2
165	1
164	2
163	4
162	3
161	2
160	2
159	3
158	1
156	1
155	1
154	1
153	2
152	2
151	1
150	2
149	3
148	4
147	2
145	1
144	1
143	6
142	2
141	1
140	2
138	2
137	3
135	4
134	1
132	1
131	4
130	2
129	2
128	1
127	1
126	2
125	1
124	1
123	1
122	2
121	2
120	2
119	1
118	2
117	2
116	2
115	2
114	2
113	2
112	3
111	4
110	4
109	2
108	1
107	1
105	2
104	3
103	1
102	1
99	3
98	2
97	4
96	3
95	2
94	1
92	1
91	1
90	5
89	1
88	1
87	5
86	1
85	5
84	1
83	2
82	2
81	2
80	1
