398
1000
700	2
699	1
698	3
696	2
695	3
693	1
692	1
690	1
689	2
687	1
686	1
685	1
684	2
683	2
682	2
681	1
680	2
679	1
678	1
677	1
676	2
675	1
674	3
673	2
672	5
670	1
669	2
668	1
667	3
666	2
665	2
664	2
663	3
662	1
661	1
658	1
657	2
656	2
655	1
654	2
652	2
651	5
650	2
649	2
646	2
645	1
644	1
643	1
640	1
638	2
637	2
636	2
635	2
634	2
632	2
631	1
630	1
629	1
628	3
626	1
624	3
623	3
622	1
620	1
617	2
615	5
614	1
613	1
612	2
611	2
610	1
609	1
608	3
607	1
606	4
605	1
604	3
603	1
602	1
601	1
600	1
599	3
598	2
597	1
594	1
593	1
592	1
591	1
590	2
589	1
587	1
586	1
584	1
583	3
582	2
581	2
580	2
579	2
578	1
577	4
576	3
575	2
574	1
572	2
571	1
570	1
569	3
568	1
567	1
566	2
565	3
564	2
562	2
561	1
560	1
559	1
558	3
557	2
556	1
555	2
554	2
552	3
551	1
550	2
548	4
547	3
545	1
543	1
541	1
540	2
539	1
538	3
537	1
535	2
534	1
532	2
531	3
530	1
529	2
525	3
523	3
522	1
521	2
520	2
517	1
516	1
514	1
513	3
510	2
509	3
508	1
507	1
506	1
505	1
504	2
503	2
502	2
501	4
500	1
498	3
497	2
496	1
495	2
494	2
493	4
492	1
489	1
488	1
487	2
486	2
485	1
484	1
481	1
480	1
479	1
478	1
477	1
476	2
475	2
473	4
472	2
471	1
470	2
468	3
467	2
466	1
465	3
464	3
463	5
462	1
461	1
460	3
458	2
456	1
455	2
453	2
452	2
451	2
450	1
448	3
446	3
445	3
444	2
443	1
442	1
441	3
440	3
439	2
438	1
437	1
436	1
435	2
434	1
433	3
432	2
431	3
430	2
429	1
428	1
427	1
425	3
424	2
423	1
422	2
420	3
418	4
417	3
416	2
415	3
414	1
413	3
409	1
408	1
406	2
405	2
404	1
403	1
402	2
401	1
400	2
399	1
395	1
394	1
393	1
390	2
389	3
386	2
385	1
384	3
383	1
380	2
379	1
378	2
377	4
376	3
375	3
374	4
373	1
372	1
370	2
369	4
368	2
367	3
366	5
365	3
362	1
360	1
359	1
358	2
357	1
356	1
354	4
353	1
352	3
351	1
350	2
349	1
348	2
347	1
346	1
345	2
343	1
342	3
341	1
338	3
337	4
336	3
335	1
334	1
333	2
332	1
331	5
330	4
329	1
328	1
327	1
325	2
324	2
323	1
322	2
319	1
318	2
317	2
316	2
315	2
313	1
311	1
309	1
308	3
306	1
305	1
304	2
303	3
302	3
301	1
300	3
297	1
296	2
295	1
294	1
293	2
291	1
290	2
289	1
287	1
286	1
285	4
284	2
283	1
282	1
281	3
280	1
279	1
278	5
275	2
274	2
273	2
272	1
271	5
270	1
269	4
268	1
267	2
266	1
265	3
263	3
262	2
260	2
259	1
258	1
257	1
256	5
255	3
254	1
253	1
252	1
250	2
249	2
248	1
247	3
246	1
245	1
244	1
243	3
241	3
239	3
238	2
237	4
236	2
235	1
233	2
232	1
231	2
230	2
228	3
227	6
226	1
225	2
224	4
223	1
222	4
221	1
219	2
218	2
216	2
215	1
214	1
213	3
212	1
211	1
210	2
207	2
205	2
204	2
203	1
202	1
201	1
200	3
