172
400
319	2
318	3
316	1
315	2
314	1
313	1
312	1
311	1
309	4
308	3
307	3
306	4
305	5
304	2
303	1
301	1
299	1
298	3
297	1
296	2
295	3
294	1
293	1
292	2
291	5
290	3
286	2
285	1
284	1
282	1
280	1
278	2
277	1
276	2
275	1
274	1
272	1
271	2
270	1
268	2
265	2
264	1
261	1
259	1
257	1
256	2
255	1
254	3
253	2
249	2
248	2
247	1
245	2
244	1
243	2
242	1
238	1
236	2
235	3
233	2
232	3
230	1
229	1
228	2
227	2
226	1
225	1
224	1
223	1
222	3
220	3
219	2
217	2
216	1
215	1
214	4
213	3
212	2
211	1
210	3
209	1
206	3
204	1
203	1
202	1
201	2
200	1
197	1
194	4
193	2
192	1
191	1
190	2
189	1
188	2
187	1
186	1
185	3
183	1
182	1
181	1
178	2
174	1
173	3
172	1
171	3
169	3
168	2
167	1
166	1
163	2
161	2
159	1
156	3
154	1
153	1
152	2
151	1
150	2
149	1
148	2
147	1
146	2
145	1
144	1
142	1
141	1
140	1
139	1
138	2
137	1
134	3
133	2
131	2
130	3
129	2
128	2
127	2
126	1
123	1
121	3
120	2
119	1
118	1
117	2
116	2
113	1
112	2
111	2
109	2
108	1
106	4
105	2
104	3
103	1
102	2
101	1
99	1
98	2
97	1
96	1
95	1
91	1
90	2
89	2
88	2
87	1
86	2
83	2
82	2
81	2
80	2
