97
150
120	2
119	3
118	3
117	4
116	4
115	2
114	4
113	1
112	3
111	3
110	3
109	4
107	3
106	3
105	2
104	1
102	3
101	5
100	1
99	5
98	5
97	5
96	5
95	4
94	1
93	3
92	4
91	3
90	1
88	2
87	2
86	2
85	2
84	3
83	5
82	1
81	6
80	1
79	1
78	5
77	5
74	6
73	9
72	2
71	2
70	3
69	2
68	4
67	4
66	3
64	2
63	4
62	2
61	1
60	1
59	4
58	4
57	3
56	1
55	5
54	2
53	2
52	1
51	2
50	2
49	2
48	4
47	2
46	3
45	3
44	3
43	4
42	2
41	6
40	3
39	5
38	5
37	1
36	2
34	1
33	3
32	2
31	3
30	2
29	3
28	3
27	4
25	3
24	3
22	2
21	7
20	5
19	4
18	2
17	4
16	2
15	6
