287
1000
800	1
794	2
793	1
791	1
790	1
788	3
787	1
786	1
785	2
784	3
782	2
778	1
777	2
774	4
773	2
771	1
770	2
769	1
768	2
763	2
761	1
760	2
755	1
754	1
752	1
747	3
744	1
743	2
739	1
736	1
733	3
732	1
728	1
727	1
724	1
718	1
715	1
714	7
710	1
708	1
705	1
701	1
700	2
699	1
697	1
696	2
695	3
694	1
691	1
690	1
688	1
687	1
686	2
684	2
681	1
676	1
675	1
669	1
668	1
666	1
662	2
661	1
660	2
658	2
657	1
654	1
653	1
651	1
649	2
645	1
644	1
643	4
640	1
638	1
637	2
633	1
631	1
626	1
621	1
620	2
619	1
618	1
615	1
614	1
613	1
609	2
605	1
604	2
602	1
600	2
597	1
595	2
594	1
593	1
589	2
588	2
578	1
574	1
569	2
568	1
566	1
561	1
560	1
559	1
557	2
556	1
554	1
551	1
547	2
545	1
544	1
543	1
540	2
539	1
536	1
535	2
534	1
533	1
532	2
531	1
530	1
529	1
526	1
523	2
522	1
518	1
516	1
513	3
512	1
510	1
507	1
502	1
498	1
497	1
496	2
487	1
484	1
483	2
482	1
481	2
479	4
478	1
477	5
476	1
475	1
473	2
472	1
471	1
470	1
469	1
467	1
466	1
465	1
464	2
463	2
462	2
459	3
457	1
456	2
450	3
447	2
446	1
445	1
444	1
442	1
441	2
439	1
436	1
434	1
431	1
428	1
423	2
420	1
418	2
416	2
415	1
412	1
408	2
407	2
405	2
403	1
402	1
400	1
399	1
398	1
396	1
395	2
391	1
390	2
389	1
388	2
387	1
386	3
385	1
382	1
381	1
380	1
374	2
373	1
372	1
368	1
366	1
362	1
361	1
359	2
357	1
356	1
351	1
348	1
347	1
343	2
342	2
341	1
340	1
339	1
335	2
333	1
332	1
331	1
329	2
327	1
326	1
322	1
320	1
318	1
315	1
314	1
311	1
306	2
303	2
302	1
301	1
300	2
299	1
294	2
290	1
288	1
287	1
286	2
285	1
283	3
280	1
279	1
277	2
275	1
274	2
272	1
271	1
270	1
269	1
268	1
266	2
265	3
262	1
261	1
259	1
257	1
256	1
255	1
254	1
252	2
249	1
248	1
247	1
244	2
241	1
240	3
239	1
237	1
235	1
230	1
228	1
227	2
225	1
223	1
221	1
219	1
216	1
215	2
212	1
210	1
208	1
206	1
205	1
203	1
201	1
200	1
