411
1000
700	3
699	1
698	5
695	3
693	2
692	2
689	2
688	1
687	4
686	2
685	3
684	4
682	2
681	1
680	1
677	3
674	1
673	4
672	1
671	1
670	4
669	1
668	1
667	1
666	1
665	1
664	2
663	1
660	1
659	2
657	1
656	1
655	1
654	2
652	1
651	1
650	2
649	1
648	2
647	2
646	1
644	2
643	1
642	2
640	1
639	1
638	2
637	1
635	2
633	2
632	4
631	3
630	3
629	3
628	1
627	1
624	3
622	2
621	1
620	1
619	2
618	2
616	1
615	2
614	1
613	2
612	3
611	2
610	1
608	2
606	2
605	1
604	1
603	1
602	3
601	5
600	2
599	1
598	1
596	4
593	2
592	1
591	2
590	2
589	2
588	1
587	2
586	2
584	2
583	2
580	1
579	2
578	2
577	1
575	1
574	1
573	4
571	3
569	2
566	1
565	2
559	2
558	4
555	1
553	1
552	1
551	2
550	2
548	2
547	3
545	2
542	1
541	1
538	2
537	2
536	1
535	1
534	2
533	1
531	4
530	5
529	3
528	1
527	2
526	1
523	2
522	3
521	1
520	1
519	2
518	3
517	1
516	2
513	1
512	1
511	1
510	1
508	1
507	3
506	1
505	1
504	1
503	3
501	3
498	1
497	1
496	2
495	3
494	1
493	1
492	1
490	1
489	2
487	1
486	2
484	2
483	1
481	1
480	2
479	2
478	3
477	1
476	1
475	2
474	3
471	4
470	2
465	2
464	1
462	1
461	3
460	2
459	2
458	1
457	1
455	1
453	2
452	2
450	4
449	2
448	2
447	1
443	1
442	1
439	1
438	3
435	1
434	2
433	2
432	2
431	3
430	1
429	2
428	2
424	3
422	1
421	3
419	2
418	3
417	2
416	1
415	1
414	3
413	1
412	2
411	1
410	4
409	2
408	2
407	2
405	2
404	2
403	4
402	3
401	1
399	1
398	1
397	1
395	1
394	3
393	2
390	1
389	1
387	1
384	3
382	4
380	3
379	1
375	1
374	2
372	2
371	1
370	1
367	1
365	3
364	1
363	1
361	2
360	2
359	1
358	1
357	1
356	1
355	2
354	2
353	2
352	1
351	1
349	2
348	1
347	1
345	1
344	1
343	3
342	3
341	3
339	2
336	1
335	2
334	1
333	3
332	1
331	1
330	1
329	3
328	2
327	1
326	1
325	1
323	2
322	3
321	2
320	4
319	2
316	4
315	3
314	2
313	4
312	1
309	3
305	2
304	2
303	2
302	2
300	1
298	2
297	2
296	2
295	2
294	1
293	2
291	1
289	2
288	2
287	3
283	3
280	1
278	2
276	1
274	2
272	2
271	2
269	1
267	4
266	4
264	1
262	1
261	3
260	1
259	1
258	1
257	4
256	1
254	1
253	2
251	1
249	2
245	2
244	1
243	1
241	3
239	2
237	1
236	3
235	3
233	1
232	2
231	1
230	2
228	1
227	2
224	1
223	3
222	1
221	1
218	1
217	1
215	1
212	2
211	2
210	1
209	1
208	1
207	1
206	1
205	4
204	2
203	1
201	1
200	1
198	2
197	1
196	3
195	1
191	3
190	4
188	1
186	2
183	2
182	2
181	1
180	1
179	1
177	2
176	1
174	1
173	2
166	1
165	2
164	2
163	3
162	1
161	1
160	1
159	1
158	2
157	1
152	3
148	2
146	3
145	2
144	3
143	1
142	2
141	1
140	1
139	3
137	1
136	1
135	2
133	2
130	2
128	4
127	2
126	1
125	2
124	1
123	1
121	3
119	1
118	4
117	2
115	2
114	2
113	2
111	1
110	1
108	4
107	2
105	1
103	1
