433
1000
700	1
699	2
698	1
697	3
696	2
695	2
694	3
693	1
692	2
691	5
689	1
688	4
687	2
686	1
684	1
683	1
682	1
681	2
680	2
679	3
678	1
677	2
676	7
674	2
673	5
672	4
671	4
670	1
669	2
668	4
665	2
663	2
662	1
661	1
659	2
658	2
657	3
656	1
655	3
654	1
653	2
652	3
651	4
650	2
649	1
648	2
647	1
646	1
645	3
644	4
643	2
642	3
641	1
640	2
639	3
638	4
635	4
634	2
633	4
632	2
631	2
630	5
629	2
628	2
627	2
626	2
625	3
624	2
623	4
622	4
621	2
620	3
619	1
618	2
617	1
616	1
615	1
614	2
613	2
612	2
611	1
609	2
608	1
607	1
606	1
605	3
603	1
601	3
600	1
599	1
598	1
597	2
596	3
595	3
594	4
593	2
592	2
591	2
590	3
589	1
588	3
587	1
586	4
585	1
584	3
583	2
582	2
580	5
579	2
578	1
577	2
576	1
575	2
574	1
573	1
572	1
571	1
570	2
569	2
568	2
567	1
566	4
563	3
562	2
561	3
560	1
559	1
557	1
556	2
555	3
554	2
553	5
552	1
551	3
550	1
549	3
548	5
547	1
546	6
545	3
544	2
543	1
542	1
540	3
539	1
538	4
537	4
536	3
535	2
534	2
533	2
532	2
531	6
530	1
528	1
527	3
526	2
525	3
524	2
523	3
522	1
521	2
520	1
517	2
515	1
513	3
512	2
511	1
510	4
507	1
505	1
504	1
503	2
502	2
501	1
500	3
499	1
498	3
497	2
496	1
495	2
494	1
493	1
491	1
489	7
488	1
487	3
486	1
485	1
484	1
483	3
482	2
481	1
480	2
479	2
478	4
477	3
476	4
475	1
474	2
472	3
470	3
469	1
468	3
467	4
466	5
465	1
464	2
463	1
462	2
461	2
460	4
458	5
457	2
456	2
455	2
453	2
451	2
450	3
449	1
448	1
447	4
446	4
445	2
444	2
443	2
442	1
441	3
439	4
438	1
437	1
435	2
434	1
433	2
430	1
429	1
428	2
427	7
426	3
424	1
423	1
422	3
421	2
420	3
419	1
418	1
417	1
416	1
415	3
414	1
413	1
412	1
411	2
409	1
407	1
406	2
403	2
402	2
401	1
400	5
399	3
398	2
397	2
396	2
395	2
394	1
392	3
391	4
390	3
389	6
388	3
387	3
386	5
384	3
383	3
382	1
381	2
379	2
378	1
377	3
376	3
375	1
374	1
373	2
372	7
371	4
370	1
367	2
366	1
365	3
364	2
363	5
362	3
361	5
360	2
359	2
357	4
356	1
355	4
353	2
352	2
351	2
350	4
349	1
348	2
347	2
346	1
345	5
343	2
342	2
341	1
339	5
338	1
337	4
336	2
335	2
334	2
333	1
332	2
330	3
329	5
328	2
327	3
326	1
325	2
324	2
323	2
322	1
321	3
320	2
319	1
318	1
317	4
316	1
315	6
314	2
313	3
312	1
311	2
310	2
309	1
308	1
307	2
306	2
305	4
304	1
303	2
301	2
300	5
299	3
298	2
297	2
295	1
294	1
293	2
292	3
291	1
290	1
289	2
288	1
287	2
286	3
284	4
283	3
282	3
281	4
280	6
279	3
278	2
277	3
276	2
275	2
274	3
273	1
271	3
270	1
269	1
268	1
267	3
266	1
264	3
262	2
260	3
259	2
258	1
257	3
256	2
255	2
254	2
253	1
252	1
251	2
250	4
249	3
246	5
244	2
243	3
242	2
241	3
240	5
239	2
238	2
237	3
236	1
235	1
233	1
232	4
230	2
229	4
228	2
227	1
224	1
223	2
222	2
221	2
220	3
219	5
218	2
217	4
216	2
215	2
214	5
212	4
211	3
210	2
209	4
206	4
205	2
204	6
203	1
202	5
201	4
200	1
