275
1000
700	1
699	2
697	1
696	1
695	1
694	2
693	3
692	1
691	1
690	1
689	2
685	4
683	1
676	2
675	2
674	1
671	2
670	1
668	2
667	2
666	1
665	1
663	1
661	1
658	1
657	2
656	1
654	2
653	2
647	1
644	1
643	2
642	3
641	1
640	1
639	1
635	4
631	1
630	2
627	2
626	1
624	1
623	1
621	1
619	1
616	3
614	1
613	1
611	1
610	1
609	1
608	1
607	2
604	1
602	1
599	1
597	2
593	2
591	1
587	1
586	1
584	1
575	2
573	1
571	1
569	1
568	1
566	3
561	1
559	2
558	1
557	1
556	1
554	1
553	1
549	1
546	1
544	1
542	1
540	1
539	2
537	2
535	1
533	3
532	2
529	1
528	2
525	1
523	1
520	2
518	2
516	2
514	1
512	2
511	3
509	1
508	2
504	1
503	3
501	1
500	2
499	1
496	2
495	1
494	1
492	2
490	1
489	2
488	1
487	1
484	2
475	2
473	1
472	2
471	1
470	3
469	1
467	2
466	2
465	2
463	1
462	2
460	1
458	2
455	3
453	2
452	1
451	2
450	2
446	1
444	1
442	2
441	1
439	1
437	2
436	1
435	2
433	1
431	1
428	1
426	2
425	1
424	1
422	2
421	3
420	1
419	2
418	1
417	1
416	1
413	2
412	4
411	1
410	1
408	1
407	1
405	1
404	1
398	1
397	2
396	3
395	1
394	1
393	2
389	1
388	1
387	2
385	1
383	2
382	1
380	1
379	2
378	1
377	1
374	1
370	3
369	2
368	1
367	1
366	1
365	2
364	1
360	1
359	1
357	1
354	1
353	1
349	1
348	1
347	1
343	1
342	1
341	1
340	1
337	1
335	1
334	3
331	2
330	2
328	2
327	3
324	1
323	2
320	1
319	2
318	2
317	1
316	1
315	1
308	2
307	1
306	3
304	2
303	1
302	3
300	1
299	2
297	1
295	2
292	1
291	1
289	1
288	1
283	1
282	2
281	4
280	1
278	1
277	1
276	1
275	1
274	3
272	1
270	1
269	1
266	1
265	1
264	2
262	1
260	2
259	1
257	1
255	1
252	1
250	1
249	1
248	1
247	1
245	1
243	1
242	2
240	1
239	1
235	1
234	1
233	2
232	1
231	1
228	1
227	1
224	1
222	2
220	3
219	2
218	1
215	2
214	1
211	1
210	1
209	1
206	2
203	1
202	2
201	1
200	1
