142
500
349	1
347	1
344	1
342	1
340	2
338	1
330	3
329	3
328	1
326	1
322	3
321	3
319	1
317	1
316	1
310	1
309	1
307	1
306	2
304	2
303	1
300	2
299	2
298	1
296	1
295	1
292	1
290	1
288	1
287	1
286	1
282	1
281	1
274	2
273	2
272	2
271	2
268	1
261	2
260	1
255	1
254	2
253	2
252	1
251	2
250	1
249	1
248	1
239	1
237	4
233	2
232	2
231	1
229	1
223	1
222	2
220	1
217	1
215	1
214	2
213	1
211	3
210	1
207	1
206	1
205	1
204	1
203	1
201	1
200	1
194	1
193	2
190	1
185	1
175	1
173	1
172	1
171	1
169	2
167	1
166	1
165	2
164	2
163	2
154	1
150	1
148	2
147	1
146	1
142	1
141	1
139	2
137	1
135	2
133	3
132	1
130	1
128	1
127	1
125	1
124	1
122	1
120	1
118	2
117	1
114	2
113	1
112	1
107	1
106	3
104	1
103	1
102	2
101	1
99	2
98	2
97	1
94	1
93	2
92	1
89	1
88	2
87	2
86	2
84	1
82	2
80	1
79	1
78	1
77	1
74	1
72	1
71	1
70	3
69	2
67	2
64	1
61	1
60	2
58	1
55	2
50	1
