201
400
280	6
279	3
278	6
277	5
276	5
275	4
274	3
273	4
272	3
271	3
270	7
269	4
268	9
267	2
266	6
265	9
264	5
263	6
262	11
261	6
260	2
259	4
258	1
257	3
256	3
255	3
254	4
253	4
252	6
251	2
250	3
249	2
248	8
247	7
246	3
245	9
244	7
243	3
242	7
241	6
240	9
239	3
238	3
237	5
236	3
235	2
234	4
233	5
232	6
231	8
230	5
229	3
228	4
227	4
226	11
225	10
224	5
223	8
222	2
221	3
220	4
219	5
218	5
217	6
216	5
215	6
214	8
213	5
212	2
211	3
210	3
209	6
208	4
207	6
206	1
205	4
204	5
203	3
202	6
201	3
200	8
199	4
198	5
197	5
196	1
195	2
194	2
193	4
192	8
191	7
190	10
189	5
188	7
187	7
186	2
185	4
184	3
183	2
182	7
181	5
180	8
179	5
178	5
177	3
176	5
175	4
174	1
173	7
172	5
171	6
170	5
169	8
168	4
167	7
166	7
165	3
164	6
163	4
162	3
161	4
160	6
159	5
158	6
157	4
156	5
155	2
154	5
153	1
152	5
151	6
150	7
149	6
148	9
147	1
146	6
145	6
144	5
143	8
142	9
141	8
140	4
139	6
138	4
137	4
136	4
135	2
134	3
133	6
132	6
131	2
130	4
129	5
128	6
127	10
126	6
125	8
124	5
123	3
122	4
121	7
120	8
119	6
118	9
117	5
116	4
115	5
114	7
113	3
112	4
111	4
110	4
109	2
108	4
107	6
106	5
105	3
104	2
103	2
102	8
101	12
100	5
99	9
98	1
97	5
96	2
95	1
94	5
93	2
92	7
91	4
90	4
89	7
88	7
87	10
86	6
85	3
84	5
83	9
82	2
81	6
80	3
