208
400
280	3
279	3
278	4
277	5
276	1
275	3
273	3
272	2
271	3
270	4
269	1
268	1
267	4
266	3
265	2
264	1
263	5
262	5
261	4
260	2
259	1
258	2
257	1
256	2
254	1
253	6
250	3
249	1
248	3
246	4
245	4
244	2
241	4
240	1
239	3
238	2
237	3
236	5
235	3
234	1
232	2
231	3
229	3
228	1
227	3
226	1
225	1
224	2
223	2
222	3
221	1
220	3
219	2
218	2
217	4
216	2
215	6
214	1
213	4
212	1
208	1
207	1
206	2
205	3
204	2
203	1
202	1
201	3
200	4
199	2
198	3
197	2
196	4
195	2
194	1
193	1
191	4
190	1
189	2
188	3
187	1
186	1
185	1
184	4
183	2
182	1
181	5
180	3
179	2
178	5
177	1
176	3
175	1
174	1
173	2
172	1
171	1
170	4
169	1
168	4
167	2
166	2
165	5
164	3
163	1
162	2
161	3
160	3
159	3
155	3
154	2
152	1
151	2
150	1
149	1
148	5
147	4
146	1
145	2
144	3
143	3
142	2
141	1
140	2
139	4
138	2
136	2
135	1
134	2
133	2
132	3
131	3
130	1
129	2
128	1
127	1
126	3
125	1
124	2
123	1
122	1
121	4
120	4
119	1
118	1
117	1
116	5
114	2
113	2
112	5
111	3
110	4
109	2
107	1
105	2
103	3
102	1
101	1
100	1
99	3
98	1
96	1
95	3
94	1
93	2
91	3
90	4
89	4
88	2
87	5
86	2
85	3
84	2
83	4
82	4
81	1
80	2
79	2
78	1
76	1
75	2
74	3
72	3
71	3
70	1
69	1
68	2
65	2
64	3
62	5
61	4
60	3
59	1
58	2
57	1
56	3
55	2
52	5
51	2
50	4
49	4
48	1
47	4
45	1
44	2
43	3
42	3
41	2
