186
500
350	2
348	1
344	1
343	1
342	1
341	1
340	1
339	1
338	3
337	1
336	1
335	1
334	1
333	2
331	1
328	1
327	2
325	1
322	1
320	1
319	1
318	1
317	2
309	3
308	3
307	2
304	1
303	4
302	3
300	1
296	3
293	1
291	1
289	1
287	2
286	1
284	1
282	1
281	4
280	1
279	2
277	1
275	1
274	2
272	1
271	1
270	1
268	2
267	1
265	1
264	1
262	1
261	1
259	3
258	3
257	1
256	2
253	2
252	2
251	1
249	2
248	1
247	1
246	2
244	2
242	2
241	2
239	1
238	1
237	3
236	1
233	1
232	1
231	3
230	3
228	2
226	1
225	2
223	1
222	1
220	1
218	2
217	2
216	2
215	2
214	1
213	2
212	2
208	1
206	1
205	2
204	1
202	3
201	1
200	1
199	2
196	3
195	3
192	4
191	2
190	2
187	2
186	1
185	2
184	1
181	1
178	1
177	2
176	1
174	2
173	3
172	1
170	1
169	1
168	3
167	2
166	4
165	2
163	4
160	1
159	2
155	2
154	1
153	1
152	3
151	1
148	1
147	3
145	1
144	1
142	1
139	1
137	1
136	1
135	1
134	1
132	1
130	2
129	2
127	3
126	1
124	1
123	2
122	3
120	2
118	1
117	2
116	1
115	2
110	2
106	2
103	1
102	3
101	2
99	3
98	1
97	2
96	1
95	2
92	2
91	3
87	1
86	1
85	1
82	2
79	1
76	1
75	1
74	2
73	1
69	1
68	1
67	1
66	1
65	1
64	2
61	1
58	2
57	1
56	1
55	1
54	2
53	1
52	2
51	1
50	1
