135
500
349	2
347	2
344	3
341	2
340	1
336	2
333	1
332	1
330	1
328	1
327	1
326	1
325	1
322	1
321	1
320	1
314	1
308	2
307	1
306	1
304	1
299	1
298	2
295	1
294	2
293	2
291	2
289	2
286	1
285	1
281	1
279	1
277	2
276	1
274	1
272	3
269	3
267	1
265	1
263	2
258	3
257	1
256	2
255	1
250	1
248	1
247	2
239	1
236	4
233	1
231	1
227	1
224	2
223	3
220	2
216	1
215	1
210	2
206	2
205	2
204	1
203	1
201	1
200	3
199	1
198	1
197	1
195	1
192	2
186	1
184	1
183	1
181	1
180	1
179	1
178	1
177	1
174	1
172	1
171	2
170	4
168	1
166	1
165	1
164	3
158	1
156	2
152	2
151	2
150	3
145	1
144	2
142	2
139	1
132	2
131	2
130	1
129	1
125	1
122	3
121	1
120	1
118	2
116	1
113	1
112	1
111	3
110	2
109	1
108	1
107	2
101	1
100	1
99	3
98	1
97	2
95	1
93	1
92	1
90	1
85	1
84	1
81	1
80	1
79	1
77	1
69	3
68	1
66	2
64	2
63	1
59	1
56	2
53	1
50	1
