199
400
280	4
279	5
278	7
277	5
276	5
275	3
274	4
273	3
272	2
271	6
270	5
269	4
268	2
267	5
266	3
265	2
264	4
263	8
262	4
261	2
260	4
259	3
257	3
256	2
255	4
254	6
253	3
252	1
251	6
250	1
249	2
248	3
247	5
246	3
245	7
244	4
243	4
242	4
241	3
240	1
239	1
238	5
237	4
236	3
235	4
234	1
233	1
232	6
231	4
230	2
229	6
228	6
227	5
226	3
225	1
224	9
223	3
222	3
221	5
220	1
219	3
218	7
217	5
216	2
215	3
214	3
213	5
212	2
211	2
210	5
209	5
208	6
207	6
206	2
205	9
204	4
203	2
202	5
201	6
200	2
199	1
198	2
197	4
196	4
195	2
194	5
193	5
192	3
191	6
190	3
189	4
188	2
187	3
186	4
185	3
184	3
183	7
182	3
181	7
180	1
179	5
178	5
177	4
176	4
175	3
174	2
173	4
172	4
171	7
170	4
169	5
168	4
167	7
166	5
165	2
164	6
163	5
162	7
160	3
159	3
158	3
157	5
156	5
155	5
154	5
153	3
152	5
151	4
150	4
149	2
148	2
147	2
146	5
145	3
144	4
143	1
142	2
141	3
140	4
139	3
138	3
137	5
136	4
135	2
134	2
133	6
132	6
131	1
130	1
129	5
128	5
127	5
126	3
125	2
124	3
123	4
122	2
121	4
120	3
119	5
118	3
117	8
116	5
115	9
114	1
113	2
112	2
111	2
110	2
109	3
108	1
107	1
106	7
105	4
104	2
103	2
102	4
101	6
100	5
99	4
98	2
97	1
96	2
95	10
94	2
93	3
92	2
91	4
90	7
89	5
88	2
87	2
86	5
85	3
84	2
83	3
82	3
81	5
80	3
