226
400
319	1
318	1
317	2
315	2
313	2
312	1
311	2
310	2
308	1
307	2
306	2
305	1
304	1
303	1
302	1
301	3
300	2
297	1
295	2
294	1
293	1
291	1
290	3
289	2
288	2
287	1
286	1
285	4
283	2
282	2
281	2
280	1
279	1
278	1
277	4
275	2
274	1
272	1
271	1
270	2
269	4
268	1
267	1
266	4
265	2
264	2
263	1
262	2
261	2
260	2
259	1
257	2
256	1
255	1
253	3
252	2
251	3
250	1
249	2
248	3
247	1
245	1
244	3
242	1
241	1
240	4
239	1
238	3
237	1
235	3
234	1
233	2
232	1
231	1
230	2
228	1
227	2
226	1
225	1
224	2
221	1
219	1
218	1
217	1
216	1
215	1
214	1
213	3
212	4
211	1
210	2
209	1
206	3
205	2
203	1
202	1
201	2
200	1
199	2
197	1
196	3
195	2
194	2
193	2
192	1
189	2
188	3
187	1
185	2
183	1
182	1
181	4
180	1
179	1
178	2
177	2
175	2
174	3
172	2
171	1
170	1
168	1
167	1
166	3
165	1
163	2
162	2
159	2
157	3
156	2
155	1
154	1
153	3
151	2
150	3
149	1
148	1
147	1
146	1
145	4
144	2
142	2
141	1
140	1
136	3
134	1
133	2
132	1
131	2
130	1
129	1
128	1
126	2
124	2
123	1
122	1
121	1
119	1
118	1
117	3
116	3
115	2
114	4
113	2
111	4
110	1
109	2
108	1
107	1
105	2
103	2
102	3
101	1
99	1
98	2
97	1
96	1
95	1
94	3
93	3
92	2
91	1
90	1
89	3
88	2
87	1
86	4
85	4
84	3
83	2
82	1
81	1
80	2
78	3
77	3
76	2
74	1
73	2
70	2
69	2
68	2
67	3
66	1
65	2
64	1
63	3
62	1
61	2
60	1
59	5
58	3
56	1
54	2
53	2
52	2
51	1
50	2
49	1
48	1
46	1
45	1
44	2
43	1
42	1
41	1
40	1
