234
500
400	2
399	1
398	1
396	1
395	2
393	1
392	6
391	1
390	1
387	1
385	2
384	1
383	3
382	2
381	1
379	2
378	1
376	1
373	2
371	1
370	1
366	1
365	1
364	1
361	2
360	1
359	1
358	2
357	2
353	2
352	3
349	1
348	1
347	1
346	1
345	3
344	1
342	1
337	1
336	1
335	4
332	2
331	2
330	2
329	1
328	1
327	1
325	1
324	2
323	1
322	1
321	3
319	1
318	1
317	4
316	2
315	2
314	1
313	3
310	1
305	1
303	3
302	2
301	3
299	1
298	1
296	3
295	3
294	1
293	2
292	1
291	3
289	1
286	3
283	2
280	2
279	3
276	1
275	1
273	3
272	2
271	3
270	1
269	1
268	2
267	2
265	1
264	3
263	1
262	1
261	2
260	1
257	1
256	4
254	1
248	1
247	1
245	2
242	2
239	1
236	3
234	2
233	1
232	1
231	1
230	2
229	2
227	1
226	3
223	3
222	1
221	2
220	2
218	2
217	3
216	1
215	2
214	1
213	2
211	1
210	2
209	2
208	1
207	2
206	1
204	2
203	3
201	1
200	2
199	1
198	1
197	3
196	2
195	1
194	1
190	1
189	1
187	2
184	2
183	1
182	1
181	2
179	1
177	2
176	5
175	1
174	1
173	3
172	1
171	1
170	1
168	1
167	1
163	2
162	1
160	3
159	2
158	1
157	3
156	1
155	3
154	1
152	1
151	1
150	1
148	5
147	3
146	2
145	3
144	2
143	2
141	2
140	1
139	1
138	1
137	1
135	2
131	1
130	2
129	2
128	1
127	3
126	1
125	1
124	1
123	2
122	1
120	1
119	1
118	3
115	1
114	3
113	1
112	2
111	1
110	1
109	1
108	2
106	1
105	1
104	1
103	3
102	1
101	1
100	3
99	1
98	5
94	1
93	2
92	1
91	1
89	1
87	2
84	2
81	2
80	1
79	3
78	1
77	1
74	2
73	1
71	1
69	5
68	1
65	3
62	1
60	1
58	2
57	1
55	2
54	4
53	2
52	2
50	1
