235
1000
699	1
692	1
690	1
689	1
688	2
684	1
683	1
681	1
680	1
675	1
673	2
670	1
665	1
663	2
662	1
660	1
658	1
656	1
652	1
650	2
649	1
644	1
641	1
639	2
638	1
637	1
635	2
632	1
629	1
628	1
623	2
622	1
621	2
619	2
618	1
611	1
610	1
608	3
607	2
606	1
602	1
601	1
598	2
596	1
594	2
593	2
591	1
590	1
587	1
585	1
583	1
582	1
580	1
579	1
578	2
576	1
575	2
573	2
572	1
571	1
570	1
569	1
568	1
567	1
565	1
561	1
558	1
557	1
553	1
552	1
550	1
549	1
546	1
544	2
543	1
540	1
539	1
538	2
537	1
536	2
535	1
534	1
531	1
528	1
527	1
525	3
524	1
522	1
520	1
517	1
516	1
514	2
510	2
503	1
496	1
494	2
493	1
490	1
488	1
486	1
482	1
481	2
479	1
478	2
477	2
473	1
471	1
470	1
469	1
468	3
465	1
463	1
461	1
457	2
456	1
453	1
452	1
451	1
446	1
443	2
442	1
441	1
440	1
438	1
433	1
432	1
431	1
430	2
428	1
426	2
422	1
421	1
418	1
416	1
414	1
410	1
409	1
408	1
407	1
405	2
403	2
402	1
401	1
398	1
394	1
391	1
390	1
389	1
388	1
386	1
385	4
383	1
382	1
381	1
380	2
379	1
378	1
377	1
373	1
371	1
369	1
363	2
361	1
359	2
358	1
356	2
355	1
353	1
350	2
349	1
348	1
347	1
344	1
343	1
342	1
341	1
338	1
335	1
334	1
333	1
331	1
325	2
324	1
323	1
321	1
318	2
317	2
316	2
315	1
314	1
313	1
312	1
310	1
308	1
307	2
306	1
304	1
296	2
294	1
293	1
292	3
291	2
284	1
278	1
277	1
273	1
272	1
271	1
270	1
264	1
263	2
254	1
253	1
250	3
248	2
247	1
243	2
242	1
238	1
236	2
235	1
234	1
229	1
224	1
220	1
216	1
215	2
214	2
211	1
209	2
208	2
207	1
203	2
201	1
200	1
