174
1000
699	1
697	1
695	1
691	1
682	1
679	1
673	1
668	1
665	1
662	2
661	1
659	2
658	1
656	1
653	1
652	1
649	1
648	1
645	2
642	1
641	1
635	1
627	1
625	1
622	1
621	1
616	1
614	2
609	1
600	1
598	1
595	1
594	2
593	1
592	2
583	1
582	1
574	1
573	1
569	1
565	1
562	1
559	1
552	1
551	1
550	1
549	1
547	1
546	1
527	2
525	2
517	1
513	2
511	1
509	1
504	2
502	1
497	3
494	1
493	1
492	2
487	1
485	1
482	1
480	1
477	1
475	1
468	1
465	1
453	1
452	1
450	1
445	1
443	1
439	1
434	1
433	1
431	1
426	1
414	1
410	1
402	1
390	1
386	2
385	1
375	1
374	1
370	1
368	1
367	1
365	1
362	1
358	1
356	1
354	1
349	1
348	2
345	1
340	1
338	2
337	1
336	1
335	1
329	1
328	1
327	2
325	1
318	1
304	1
301	1
300	1
299	1
296	2
293	1
291	1
290	1
288	1
286	2
283	1
282	1
281	1
279	1
275	1
273	1
272	1
271	1
269	1
264	2
260	1
247	1
242	1
241	1
232	1
231	1
230	1
218	1
214	1
212	1
209	1
206	1
205	1
204	1
202	1
192	1
191	1
187	1
184	1
182	1
178	1
176	1
175	1
167	1
164	1
163	1
162	1
159	2
158	1
156	1
146	2
145	1
143	1
142	1
135	1
131	1
130	1
126	2
125	1
122	1
116	1
112	1
110	2
108	3
106	1
101	1
