85
750
520	2
517	1
516	1
507	1
506	1
501	1
500	1
489	2
486	2
484	1
479	1
478	2
477	1
473	1
471	1
456	1
450	1
448	1
439	1
424	2
414	1
410	1
404	1
403	1
402	3
400	1
395	1
388	1
387	1
380	1
377	1
362	1
361	2
359	1
356	1
351	1
346	1
344	2
334	1
333	2
329	1
327	1
320	1
310	1
307	1
303	1
302	1
299	2
298	1
295	1
293	1
290	1
277	1
259	2
258	1
257	1
254	1
251	1
250	1
243	1
238	1
227	1
214	1
210	1
209	1
208	1
201	1
193	1
187	1
185	1
182	1
180	1
178	1
175	1
174	1
171	2
170	1
168	1
166	1
163	2
162	1
160	1
159	1
152	1
151	2
