128
200
160	4
159	1
158	2
157	2
156	1
155	1
153	3
152	2
151	4
150	2
149	3
148	2
147	3
146	3
145	1
144	1
143	3
142	1
141	1
140	5
139	1
138	1
136	1
135	1
134	2
132	3
131	3
130	4
129	2
128	4
127	1
126	2
125	2
124	2
123	1
122	1
121	1
120	5
118	3
117	3
116	1
115	3
114	1
113	1
112	1
111	3
109	1
108	1
107	4
106	5
105	4
104	4
103	3
102	1
101	2
99	5
98	3
97	5
96	3
95	3
94	1
93	1
92	2
90	1
89	5
88	2
87	1
86	2
85	3
84	1
83	1
82	2
80	6
79	3
78	1
77	3
76	2
75	2
74	2
73	3
72	6
71	2
70	4
69	4
68	2
67	1
66	2
65	3
64	2
63	7
62	1
61	1
60	6
59	3
57	2
56	2
54	1
53	2
52	1
51	4
50	2
49	2
48	4
47	4
46	1
45	5
44	2
43	3
42	1
41	2
39	2
38	1
37	1
36	3
35	3
34	2
33	2
32	1
31	1
30	1
29	2
28	1
26	2
25	1
23	5
22	1
21	2
20	1
