301
750
600	1
599	4
598	2
597	2
596	5
591	1
590	1
587	1
585	1
584	2
581	2
578	2
576	2
575	2
573	2
571	2
570	2
567	2
566	3
565	1
564	2
563	1
562	1
557	1
555	1
552	1
551	1
550	2
549	2
547	1
546	3
544	1
543	1
542	1
541	1
540	1
539	1
537	1
536	2
535	1
534	1
531	2
529	1
528	1
523	1
522	1
521	3
520	2
519	1
517	1
516	2
515	1
513	2
512	1
511	1
509	1
508	1
507	1
505	1
502	4
500	2
499	2
496	1
495	2
494	1
493	1
492	1
490	2
489	2
487	1
485	1
484	2
483	1
482	2
481	1
480	1
478	1
477	1
475	2
474	1
473	2
472	1
471	2
470	1
469	2
464	2
462	3
461	1
460	3
459	2
458	1
457	5
455	1
452	1
451	1
450	2
449	1
448	2
447	2
444	1
443	1
442	1
441	2
437	1
436	1
435	4
433	2
432	1
431	3
429	2
427	2
426	1
422	1
420	1
419	1
418	1
415	1
414	2
413	2
412	1
411	1
409	1
407	1
406	2
405	1
402	1
400	2
398	1
397	2
396	3
395	1
394	1
393	1
391	1
390	1
389	2
387	2
386	4
385	1
384	1
383	1
382	3
381	1
380	2
379	2
377	5
376	1
375	1
373	3
372	5
371	3
370	1
368	4
367	1
366	2
364	1
362	3
361	1
359	2
357	2
355	2
351	1
348	3
347	1
345	2
344	1
343	2
341	2
339	3
338	1
337	2
336	2
335	2
334	1
332	1
330	1
328	2
327	2
326	1
325	1
324	1
321	2
319	2
318	3
317	1
316	1
315	3
314	3
313	1
312	2
311	1
309	3
308	2
307	1
306	1
305	4
304	1
303	3
302	1
301	3
299	1
298	2
297	1
296	1
294	1
293	1
292	3
291	1
289	2
288	1
287	1
285	2
284	3
283	1
281	1
280	2
277	1
276	2
274	1
273	1
272	1
268	1
267	3
266	1
265	1
262	1
261	1
260	3
259	1
257	2
256	1
254	1
251	1
249	1
248	1
247	1
246	2
245	2
244	1
243	2
242	2
240	3
238	3
233	1
232	2
230	1
228	2
226	3
222	1
221	3
219	1
216	1
213	2
212	1
209	3
208	2
207	1
204	2
202	2
201	1
200	1
199	1
198	1
197	1
196	2
195	1
194	2
192	4
188	1
187	1
185	2
184	3
183	5
182	3
180	2
179	3
177	1
176	1
175	4
174	2
173	1
172	1
170	1
169	2
168	1
167	1
166	2
165	2
164	2
163	1
162	3
161	2
160	2
158	1
157	1
156	1
155	1
154	1
153	1
152	1
151	1
