223
500
400	1
399	2
398	1
397	2
396	3
395	6
393	1
391	2
389	1
388	2
386	2
384	1
383	2
382	1
380	1
378	1
377	1
376	1
375	1
372	3
371	1
370	1
369	4
367	2
366	3
365	1
363	1
360	3
359	2
358	1
357	5
356	2
355	1
354	2
353	1
352	1
351	1
350	3
349	2
348	4
346	1
345	2
344	1
343	1
341	1
340	1
337	3
336	2
335	1
333	1
332	1
327	1
326	2
325	6
324	4
323	5
322	1
321	2
320	3
318	4
315	3
314	1
313	2
312	1
309	1
308	1
305	2
304	1
302	1
301	1
300	1
298	1
297	1
296	1
295	1
294	1
293	3
292	2
291	2
290	1
288	5
287	1
286	1
283	2
282	1
280	3
279	3
278	1
277	1
276	2
275	1
272	1
271	3
270	2
269	2
268	1
267	2
265	2
264	1
263	1
261	1
260	2
259	2
258	1
257	4
256	1
255	3
253	1
252	1
251	2
250	1
248	1
247	1
246	2
245	3
244	1
243	2
240	2
239	2
238	2
237	3
236	1
235	4
233	1
231	3
230	3
228	2
227	1
226	1
225	3
224	3
223	2
222	2
221	1
220	2
219	3
218	1
217	1
216	2
215	1
214	2
212	1
210	2
209	1
208	1
206	3
205	1
203	1
202	1
201	1
200	2
195	3
194	2
187	2
186	2
185	1
184	2
180	2
179	1
178	1
177	1
176	1
175	2
174	2
173	2
170	1
169	1
168	2
167	1
166	2
165	1
164	1
162	1
161	1
160	1
159	1
158	4
157	1
156	3
155	2
154	1
152	2
150	1
149	1
148	3
145	1
144	1
143	1
142	1
141	4
140	2
139	3
138	2
137	1
136	1
135	1
134	3
133	2
130	1
129	1
127	1
126	3
125	1
124	1
123	1
122	2
121	1
119	1
118	1
117	1
115	1
114	1
113	3
111	5
110	2
109	1
108	2
107	4
106	5
105	3
104	2
102	3
101	1
