428
1000
800	4
799	2
798	2
797	1
796	4
795	1
794	3
793	1
792	1
791	3
790	2
789	4
788	3
787	1
786	2
785	3
784	2
783	2
782	1
781	2
778	5
777	1
776	1
775	1
774	2
772	4
770	1
769	1
768	1
767	1
766	4
763	4
761	3
760	1
759	4
758	3
757	5
756	2
753	1
751	3
750	1
748	1
747	2
746	1
745	2
743	4
741	1
740	3
739	1
735	1
734	1
733	1
732	1
730	2
729	1
727	2
726	3
725	3
723	3
722	1
721	1
720	2
719	1
718	2
713	3
712	1
711	2
710	1
707	1
705	1
703	5
702	1
701	1
699	3
698	1
695	2
694	3
693	2
692	1
691	3
690	1
689	1
688	1
687	1
686	3
685	3
681	3
680	1
679	1
678	1
676	3
675	1
674	1
673	1
670	3
669	2
667	3
666	1
665	2
664	2
662	4
660	2
659	1
658	5
657	1
655	2
654	1
653	2
652	1
649	1
647	1
646	1
645	2
644	3
643	2
641	1
640	1
639	1
634	1
633	2
632	1
631	3
630	3
629	2
628	2
626	2
625	1
624	1
622	2
620	1
619	1
618	2
617	1
616	2
615	1
614	2
613	1
612	3
610	2
608	1
606	1
603	3
602	2
601	3
600	2
598	1
597	1
596	1
595	1
594	2
593	1
591	3
590	1
589	1
588	2
586	2
585	3
583	1
582	1
581	1
579	2
578	1
577	1
576	3
575	1
574	1
573	2
572	2
571	2
570	1
568	1
567	1
566	2
565	1
563	2
562	3
561	1
559	1
558	2
557	2
556	2
554	1
553	1
552	1
551	1
550	2
549	1
548	2
544	1
543	1
542	1
541	3
540	2
539	2
536	2
534	1
533	2
532	1
530	2
529	2
528	3
526	2
524	1
523	1
522	2
519	1
518	3
517	2
516	3
515	3
514	1
513	1
512	1
511	2
510	2
509	1
504	1
503	1
502	1
501	1
500	1
499	1
498	2
497	3
495	1
492	2
489	2
487	2
486	1
483	2
482	2
481	2
480	3
479	2
478	1
477	2
475	2
474	1
473	1
472	1
469	1
468	1
467	1
466	1
465	1
464	1
463	2
462	1
461	3
460	1
457	2
454	2
453	1
452	3
451	1
450	4
449	2
447	3
445	1
441	1
439	1
438	2
437	3
436	1
435	1
434	2
432	1
431	1
430	1
429	1
428	1
426	4
425	1
424	1
422	3
421	2
420	1
419	1
418	2
416	3
413	2
412	2
411	4
409	1
408	2
407	1
406	1
405	3
403	2
402	2
399	1
398	1
397	3
396	1
395	1
394	2
393	1
392	1
391	2
389	2
388	1
387	2
385	1
384	1
383	1
382	3
381	1
380	1
379	1
378	2
376	1
375	2
371	2
370	1
369	3
367	3
366	1
365	1
364	1
363	2
362	2
361	1
360	4
359	2
356	1
355	3
353	1
352	1
349	1
348	2
346	2
345	4
342	1
340	3
336	1
335	1
334	2
331	1
330	3
328	4
327	1
326	1
325	2
322	1
321	3
320	1
318	2
317	2
316	1
314	1
313	2
312	1
311	1
310	2
309	1
308	1
307	3
306	1
304	2
303	3
298	2
297	3
296	1
295	2
294	2
292	1
291	1
290	1
288	3
287	2
286	1
285	2
284	1
283	2
282	3
277	1
276	1
275	2
274	1
273	2
271	2
270	1
268	1
266	1
265	1
264	1
261	3
260	2
259	2
255	1
254	2
253	1
252	1
250	4
249	2
248	3
247	3
246	2
244	1
243	2
242	2
240	1
237	1
235	1
234	1
233	2
232	1
230	1
229	1
228	2
227	2
225	3
222	1
220	1
218	1
217	2
213	4
211	1
210	2
209	2
208	1
207	4
206	1
205	1
204	1
203	2
202	1
200	2
