91
150
105	13
104	9
103	12
102	9
101	14
100	10
99	10
98	10
97	10
96	11
95	8
94	8
93	9
92	13
91	8
90	4
89	18
88	15
87	10
86	11
85	9
84	11
83	9
82	7
81	10
80	13
79	13
78	8
77	13
76	11
75	17
74	7
73	10
72	9
71	10
70	12
69	12
68	13
67	10
66	16
65	5
64	21
63	10
62	9
61	11
60	13
59	9
58	12
57	14
56	15
55	4
54	14
53	14
52	15
51	15
50	13
49	11
48	11
47	14
46	7
45	16
44	10
43	9
42	11
41	7
40	17
39	9
38	16
37	12
36	5
35	11
34	8
33	9
32	10
31	13
30	10
29	12
28	12
27	12
26	8
25	12
24	8
23	11
22	7
21	9
20	10
19	11
18	8
17	11
16	14
15	13
