195
500
350	1
349	2
347	1
346	1
344	1
343	2
341	1
340	3
338	1
337	2
336	2
335	1
334	1
333	1
332	2
331	1
330	1
329	2
328	2
327	2
326	1
325	3
324	3
323	3
322	1
321	1
320	2
319	2
318	2
317	1
315	2
314	1
313	1
312	3
311	3
310	2
309	3
308	3
307	1
306	4
305	2
304	2
303	6
299	2
298	2
297	4
296	3
295	3
294	3
293	1
291	2
288	1
287	1
285	2
284	1
283	1
282	1
279	5
278	1
276	1
275	2
274	1
273	2
272	2
271	1
270	2
269	5
268	1
267	1
266	1
265	1
262	1
261	5
259	4
258	2
257	1
256	3
255	4
254	2
253	1
252	2
250	3
249	2
247	1
246	2
245	6
242	3
241	4
240	2
239	1
238	2
236	1
235	2
233	4
232	2
231	2
230	2
228	1
227	2
226	2
225	1
224	3
223	2
221	2
219	1
218	2
217	2
216	3
215	4
214	1
213	1
211	1
210	2
207	2
206	1
205	1
204	2
203	3
201	1
200	3
198	2
197	1
196	4
195	2
194	6
193	1
192	2
190	3
189	2
188	2
187	2
186	1
184	3
183	1
182	1
181	2
179	3
178	3
177	1
176	2
173	1
171	3
170	2
169	2
168	1
166	3
163	2
162	3
161	1
160	2
159	3
158	3
157	3
156	2
155	1
153	2
152	2
151	2
150	1
149	1
148	2
146	3
145	2
144	1
142	2
141	6
140	2
139	3
138	1
137	2
135	2
133	1
131	2
130	4
129	1
127	2
125	4
124	1
123	6
121	2
120	1
119	2
118	2
116	1
115	1
114	2
112	1
111	1
109	1
108	2
107	1
104	1
102	4
101	4
100	1
