209
400
280	1
279	3
278	1
277	4
274	2
273	3
272	2
271	5
270	2
269	2
268	1
267	1
266	5
264	3
263	1
262	4
260	6
258	3
257	4
256	2
255	2
253	3
252	3
251	2
250	1
249	3
248	1
247	4
246	4
244	1
243	4
242	2
241	2
240	2
239	1
238	1
237	2
236	2
235	4
234	2
233	1
232	3
231	2
229	1
228	2
227	4
226	2
225	3
224	1
223	1
222	2
221	2
220	1
219	2
218	3
215	1
214	2
213	2
211	1
210	1
209	2
207	3
206	1
204	4
203	3
202	4
201	1
200	4
199	1
198	3
196	3
195	1
194	4
192	1
191	1
190	2
188	1
187	2
186	3
184	2
183	2
182	2
181	1
179	6
177	1
176	3
175	1
174	4
173	1
172	1
171	2
170	4
169	4
168	2
166	6
165	5
163	1
162	2
161	2
160	3
159	1
158	1
156	1
154	2
153	1
152	1
151	2
150	2
149	4
148	6
147	3
146	2
145	1
144	1
141	3
140	1
139	1
138	3
137	3
136	1
135	1
134	1
133	2
132	1
131	1
130	1
129	2
128	6
127	2
126	2
125	2
124	3
123	3
122	6
121	2
120	2
119	3
118	4
117	5
116	1
115	2
114	3
113	3
110	3
109	2
108	4
107	5
106	2
105	4
104	2
103	3
101	1
100	1
99	4
98	2
97	3
95	1
94	1
93	3
92	1
91	5
90	4
89	1
88	1
87	1
86	4
85	3
84	2
83	1
82	3
81	3
80	3
79	2
78	3
77	1
76	2
75	3
74	2
73	1
72	5
71	1
70	6
69	1
68	1
66	1
65	3
64	1
63	2
62	4
61	3
60	1
59	2
58	2
57	2
56	6
55	2
54	4
53	2
52	2
51	2
50	3
49	3
48	4
47	2
46	2
45	2
44	3
43	5
40	1
