241
500
350	5
349	4
348	1
347	2
346	5
345	1
344	3
343	5
342	3
341	3
340	3
339	1
338	3
337	3
336	4
335	6
334	2
333	2
332	1
331	7
330	2
329	5
328	1
327	1
326	4
325	3
324	3
323	3
322	3
320	1
318	2
317	1
315	2
314	4
313	1
312	2
310	4
309	1
308	5
307	3
306	1
305	3
303	3
302	3
301	5
300	2
299	2
298	2
297	2
296	3
295	6
294	5
293	4
292	1
291	5
290	3
289	4
288	6
287	3
286	3
285	2
284	2
283	4
282	2
281	4
280	1
279	2
278	6
277	4
276	1
275	2
274	2
273	5
272	2
271	3
270	3
269	1
268	5
267	5
266	1
264	2
263	1
262	1
261	5
260	4
259	3
258	7
257	2
256	4
255	2
254	1
253	4
252	3
251	1
250	1
249	4
248	3
247	4
246	1
245	7
244	4
243	2
242	5
241	5
240	2
239	4
238	6
237	1
236	6
235	4
234	2
233	2
232	6
230	3
229	2
228	5
227	2
226	2
225	1
224	4
223	3
222	3
221	8
220	4
219	4
218	1
217	1
216	7
215	6
214	7
213	4
212	3
211	5
210	1
209	3
208	2
207	2
206	4
205	4
204	4
203	2
202	4
200	2
199	2
198	1
197	3
196	2
195	1
194	5
193	1
192	2
190	3
189	3
188	4
187	3
185	2
184	2
183	2
182	2
181	7
180	3
179	5
178	3
177	3
176	3
175	4
174	2
173	2
172	1
171	1
170	5
169	2
168	2
167	6
166	4
165	5
164	2
163	1
162	2
161	5
160	4
159	6
158	2
157	2
156	2
155	4
154	2
153	5
152	1
151	4
150	3
149	5
148	1
147	2
146	1
145	4
144	1
143	1
142	2
141	4
140	2
139	4
138	2
137	5
136	7
135	5
134	3
133	3
132	2
131	1
130	2
129	4
128	5
127	2
126	2
125	5
124	3
123	2
122	2
121	4
120	6
119	3
118	3
117	2
116	4
115	5
114	2
113	4
112	3
111	5
110	2
109	2
108	2
107	4
106	2
105	3
104	6
103	1
102	6
101	5
100	3
