150
300
210	2
209	1
208	4
207	6
206	3
205	2
204	4
203	3
202	4
201	2
199	3
198	3
197	3
196	5
195	3
194	4
193	2
192	7
191	4
190	4
189	2
188	5
187	3
186	4
185	1
184	4
183	3
182	5
181	4
180	3
179	5
178	2
177	3
176	1
175	8
174	2
173	2
172	3
171	3
170	2
169	5
168	4
167	4
166	3
165	5
164	1
163	2
162	4
161	2
160	2
159	3
158	2
157	6
156	3
155	6
154	7
153	3
152	4
151	4
150	7
149	5
148	4
147	2
146	2
145	3
144	2
143	3
142	1
141	2
140	7
139	2
138	3
137	2
136	4
135	1
134	3
133	2
132	3
131	5
130	3
129	2
128	2
127	4
126	2
125	2
124	1
123	4
122	3
121	7
120	4
119	3
118	1
117	4
116	3
115	2
114	6
113	1
112	3
111	4
110	4
109	2
108	1
107	3
106	4
105	1
104	6
103	6
102	5
101	5
100	3
99	3
98	5
97	3
96	3
95	6
94	4
93	1
92	2
91	2
90	3
89	3
88	4
87	1
86	1
85	6
84	4
83	2
82	5
81	4
80	4
79	3
78	1
77	3
76	9
75	1
74	6
73	2
72	4
71	3
70	6
69	2
68	2
67	1
66	4
65	4
64	4
63	2
62	2
61	4
60	3
