135
400
279	2
278	2
276	1
275	3
274	2
273	2
272	2
271	1
270	1
267	2
264	3
263	1
261	1
260	1
259	2
257	1
256	1
254	2
252	1
251	1
248	1
245	1
241	1
240	2
239	1
238	1
237	2
236	2
235	1
234	1
233	1
229	1
226	1
224	1
223	1
222	1
221	2
219	1
218	1
216	3
215	1
213	1
211	1
210	1
209	1
207	1
204	2
203	1
201	2
197	1
195	1
192	3
191	1
189	1
185	1
184	1
183	1
181	1
180	2
176	1
174	1
169	1
168	2
167	2
165	2
164	2
163	1
159	2
158	2
157	3
155	2
154	1
153	1
152	2
149	1
147	1
145	2
144	2
143	1
140	2
137	3
136	2
134	1
133	1
132	1
131	3
127	1
125	1
124	3
123	1
122	3
121	2
120	1
119	1
115	1
113	1
112	3
109	1
107	1
104	2
102	1
101	1
99	2
97	2
96	2
95	1
94	2
93	1
90	1
89	1
86	4
84	1
83	1
82	3
80	1
79	1
75	1
70	1
69	1
68	1
67	1
66	1
65	1
64	5
61	1
60	1
56	1
55	1
53	1
51	2
48	1
45	1
44	1
43	3
40	1
