239
400
320	6
319	6
318	7
317	5
316	2
315	2
314	2
313	4
312	2
311	1
310	2
309	7
308	5
307	6
306	2
305	4
304	6
303	5
302	3
301	4
300	7
299	4
298	3
297	6
296	4
295	3
294	7
293	3
292	3
291	2
290	6
289	2
288	2
287	4
286	3
285	2
284	4
283	6
282	4
281	3
280	5
279	3
278	5
277	3
276	3
275	1
274	5
273	2
272	9
271	5
270	5
269	2
268	3
267	2
266	5
265	3
264	3
263	4
262	3
261	7
260	2
259	1
258	2
257	4
256	5
255	10
254	8
253	3
252	5
251	5
250	5
249	3
248	1
247	5
246	7
245	9
244	8
243	1
242	5
241	4
240	3
238	7
237	2
236	6
235	5
234	4
233	10
232	3
231	1
230	7
229	6
228	3
227	4
226	3
225	4
224	5
223	4
222	3
221	9
220	1
219	7
218	5
217	7
216	5
215	5
214	6
213	3
212	5
211	4
210	7
209	1
208	1
207	3
206	4
205	2
204	3
203	3
202	8
201	2
200	3
199	3
198	5
197	3
196	4
195	5
194	3
193	5
192	4
191	2
190	3
189	9
188	2
187	7
186	4
185	3
184	8
183	6
182	6
181	4
180	4
179	2
178	4
177	5
176	5
175	2
174	1
173	3
172	3
171	8
170	5
169	7
168	5
167	4
166	4
165	4
164	5
163	8
162	1
161	9
160	4
159	6
158	2
157	2
156	5
155	5
153	7
152	5
151	2
150	6
149	5
148	2
147	4
146	9
145	2
144	7
143	4
142	2
141	6
140	1
139	2
138	4
137	5
136	4
135	5
134	1
133	1
132	6
131	4
130	4
129	7
128	6
127	1
126	4
125	5
124	6
123	2
122	4
121	2
120	3
119	3
118	4
117	4
116	5
115	3
114	6
113	4
112	1
111	2
110	7
109	6
108	3
107	2
106	3
105	5
104	8
103	5
102	4
101	3
100	4
99	3
98	3
97	3
96	5
95	3
94	4
93	3
92	2
91	6
90	4
89	7
88	2
87	4
86	4
85	5
84	3
83	4
82	3
81	5
80	4
