308
750
599	1
597	2
595	1
592	3
591	2
590	2
589	2
588	2
586	1
582	2
581	2
580	1
575	1
574	1
572	1
568	3
567	2
566	3
564	3
562	1
560	1
559	1
557	1
556	3
555	1
554	2
553	1
552	1
550	1
547	2
546	3
545	1
543	2
542	1
541	1
538	1
537	1
536	1
535	2
534	1
533	3
531	1
529	1
528	1
526	2
525	1
523	2
522	1
521	3
519	3
518	1
517	1
516	2
515	3
513	1
512	1
511	1
509	1
507	1
506	3
505	1
504	1
503	1
502	1
501	1
500	2
497	3
496	1
495	1
493	1
492	1
491	1
490	2
489	1
488	1
487	2
486	2
485	1
482	4
480	3
479	1
478	1
477	3
476	1
475	1
474	2
473	1
471	4
470	1
469	1
468	1
467	3
466	1
465	1
463	1
462	1
459	2
458	1
456	2
455	1
454	1
453	1
452	1
451	2
447	1
446	2
445	1
444	1
441	1
440	1
439	1
438	3
436	3
435	1
434	1
433	2
432	3
430	2
426	3
424	1
423	2
416	1
415	1
414	1
413	1
412	1
411	2
410	2
409	1
408	3
407	1
406	1
402	1
401	2
400	1
398	1
397	1
396	1
395	1
394	1
393	3
392	2
391	2
390	3
389	3
388	1
386	1
385	1
384	2
383	2
381	1
379	3
378	1
377	2
376	4
373	1
372	1
370	4
369	1
368	2
367	2
366	1
365	1
364	1
363	2
362	1
358	3
357	1
356	1
354	1
353	1
351	3
350	2
348	1
342	1
341	2
340	1
339	1
338	2
337	1
335	2
334	1
333	1
332	1
331	1
328	1
327	1
326	1
325	1
324	2
323	2
320	1
319	2
318	1
315	2
314	2
313	1
312	1
311	1
310	2
309	1
308	2
307	1
306	2
305	2
303	1
302	1
301	1
300	1
299	2
297	1
295	2
294	1
293	2
292	3
290	3
289	1
288	3
286	1
285	2
283	1
282	1
278	1
277	1
275	3
274	2
273	2
269	1
267	1
264	1
263	1
262	3
261	2
260	2
258	1
257	1
256	2
254	2
253	3
252	3
251	1
250	2
249	1
247	1
242	5
241	3
240	1
239	5
237	1
234	2
232	4
231	1
230	2
229	2
227	1
226	1
225	2
224	2
222	1
221	1
220	2
217	2
216	2
215	1
213	2
210	1
208	1
207	2
205	2
204	1
203	1
202	2
201	2
200	1
199	1
198	2
197	1
196	2
194	1
193	2
192	1
190	2
189	1
188	2
186	2
185	2
184	1
183	1
179	5
178	2
177	1
174	2
173	3
170	1
168	1
167	2
166	2
164	1
162	2
161	3
159	1
158	2
157	3
156	2
155	2
154	1
152	1
150	2
