137
500
348	3
346	1
345	1
343	2
342	2
338	1
336	2
331	2
330	2
328	1
326	1
325	1
323	1
318	2
315	1
314	2
313	1
312	2
311	5
309	1
306	1
305	2
302	1
298	2
297	1
296	1
295	1
294	2
293	1
292	1
291	3
289	3
288	1
286	1
285	2
281	2
279	1
276	1
275	1
274	1
273	1
271	1
269	1
264	1
263	1
262	2
261	1
257	2
255	1
252	1
251	2
249	1
248	1
247	1
244	1
243	1
241	1
235	1
234	1
233	2
231	1
226	1
220	1
218	2
216	1
215	3
213	1
211	1
207	1
205	2
204	1
203	2
202	2
201	1
200	1
198	2
197	1
195	2
194	2
193	1
190	4
189	1
186	1
184	1
183	3
182	1
181	1
180	1
179	1
178	2
177	1
176	1
175	2
174	1
173	1
171	1
170	3
169	1
168	1
167	2
164	2
163	1
162	1
160	1
159	1
158	1
155	1
154	3
152	1
151	3
150	1
147	1
145	1
143	1
140	1
138	4
136	1
135	2
133	2
132	1
130	2
129	2
126	1
125	1
123	1
120	1
119	1
115	1
114	1
111	1
110	2
108	1
107	3
106	1
105	1
103	2
101	2
