211
750
525	2
524	1
520	2
515	1
513	1
510	1
508	2
507	1
505	1
503	2
501	1
500	2
497	1
496	1
495	1
493	2
491	1
490	1
488	1
485	1
479	1
477	2
476	2
475	3
473	1
472	1
471	2
470	1
469	1
468	1
466	3
464	1
463	2
462	2
460	2
459	3
458	2
456	1
454	1
453	1
452	1
447	1
445	2
444	1
443	1
441	3
438	1
434	1
433	1
430	2
429	1
427	1
426	2
425	1
424	1
423	1
422	1
419	2
418	1
416	2
415	1
413	1
412	3
410	1
409	1
407	1
405	1
404	1
403	1
401	2
397	1
396	1
395	3
394	1
391	2
389	5
388	1
384	1
379	1
378	3
377	1
376	2
374	1
373	1
372	2
371	1
370	2
369	1
368	2
367	2
365	1
364	1
363	1
362	2
361	1
359	1
358	1
356	2
355	2
354	1
353	1
351	1
350	1
348	2
347	1
346	2
345	1
343	1
342	1
341	1
339	1
338	1
337	1
336	1
335	1
333	1
329	1
327	1
326	1
325	1
324	1
323	1
322	1
321	1
318	2
317	1
315	1
314	3
313	1
312	2
310	1
309	1
306	2
304	1
303	2
302	1
300	1
296	1
295	2
294	2
293	3
288	1
287	1
284	3
282	1
279	3
276	2
275	4
274	1
266	1
263	2
260	1
258	1
257	1
256	1
255	2
254	2
252	1
251	1
250	1
248	3
244	3
243	1
242	1
240	2
235	2
234	1
232	1
231	1
229	1
227	1
226	1
223	1
221	1
220	1
219	2
214	1
213	2
210	1
209	2
208	3
206	1
204	1
202	1
201	1
200	1
199	1
197	1
195	1
193	1
192	1
191	1
190	2
187	1
186	2
184	2
179	1
175	3
173	1
172	1
170	1
169	2
166	1
163	1
162	1
161	1
160	2
157	1
155	2
153	1
151	2
