91
150
120	7
119	6
118	7
117	6
116	5
115	5
114	10
113	12
112	7
111	8
110	6
109	6
108	13
107	11
106	4
105	9
104	5
103	7
102	10
101	5
100	8
99	5
98	6
97	12
96	15
95	9
94	6
93	10
92	5
91	7
90	8
89	7
88	6
87	18
86	6
85	7
84	13
83	6
82	10
81	7
80	11
79	7
78	7
77	6
76	7
75	6
74	10
73	10
72	9
71	10
70	15
69	13
68	12
67	8
66	8
65	8
64	14
63	5
62	8
61	8
60	6
59	5
58	9
57	10
56	9
55	8
54	5
53	6
52	9
51	13
50	7
49	6
48	6
47	4
46	13
45	9
44	5
43	14
42	7
41	9
40	12
39	6
38	9
37	7
36	8
35	9
34	6
33	10
32	5
31	5
30	11
