229
400
280	2
279	4
278	1
277	3
276	2
275	7
274	2
273	4
272	1
271	4
270	2
269	4
268	2
267	7
266	4
265	4
264	4
263	6
262	3
261	4
260	1
259	4
258	5
257	3
256	2
255	1
254	2
253	1
252	1
250	4
249	3
248	6
247	3
246	2
245	2
244	2
243	3
242	2
241	4
238	4
236	6
235	2
234	2
233	1
232	1
231	3
230	3
229	4
228	1
227	4
226	8
225	4
224	3
223	3
222	3
221	3
220	1
219	5
218	6
217	4
216	1
215	5
214	3
213	2
212	4
211	5
210	3
209	1
208	3
207	3
206	1
205	2
204	8
203	1
202	4
201	7
200	5
198	4
197	4
196	5
195	3
194	7
193	2
192	3
191	5
190	2
189	5
188	3
187	4
186	4
185	7
184	2
183	1
182	4
181	2
180	4
179	4
178	1
177	2
176	3
175	1
174	3
173	2
172	2
171	1
170	6
169	1
168	2
167	5
166	5
165	3
164	3
163	4
162	1
161	2
160	5
159	2
158	7
156	4
155	2
154	2
153	4
152	3
151	5
150	3
149	3
148	6
147	3
146	1
145	5
144	2
143	4
142	4
141	2
140	4
139	7
138	1
137	3
136	3
135	1
134	3
133	1
132	5
131	1
130	2
129	2
128	4
127	4
126	2
125	5
124	5
123	4
122	2
121	2
120	3
119	5
118	1
117	1
116	1
115	1
114	3
112	3
111	4
110	3
109	2
108	6
107	1
106	2
105	3
104	4
103	3
102	2
101	6
100	3
99	1
98	7
97	4
96	4
95	5
94	3
93	5
92	3
91	5
90	2
89	2
88	3
87	1
86	4
85	3
84	2
83	2
82	2
81	6
80	5
79	3
78	2
77	2
76	6
75	2
74	5
73	2
70	3
68	2
67	1
66	4
65	4
64	2
63	3
62	3
61	6
59	3
58	4
57	5
56	5
55	6
54	3
53	2
52	3
51	6
50	2
49	2
48	3
47	4
46	6
45	2
44	8
43	5
41	2
40	3
