155
300
240	6
239	2
238	6
237	2
235	1
234	3
233	1
231	1
230	4
229	1
228	2
227	3
226	2
224	2
223	4
220	2
217	1
216	2
215	3
214	4
213	1
212	3
211	1
210	6
209	1
208	5
207	2
206	1
205	1
204	5
201	1
199	2
198	2
197	4
196	4
195	4
194	4
193	4
192	2
190	3
189	4
188	3
187	4
186	5
185	2
184	3
183	2
182	4
181	2
180	2
179	5
178	1
177	1
176	2
175	2
174	2
173	1
172	4
171	4
168	2
167	2
166	2
165	3
164	1
163	2
162	1
161	3
160	2
159	4
158	3
156	2
155	1
154	4
153	3
152	2
151	1
150	4
149	3
148	2
147	2
146	3
145	1
144	2
143	4
142	1
141	1
140	2
139	3
138	1
137	3
136	4
134	2
133	2
132	3
131	4
130	3
129	2
128	3
127	2
126	2
125	3
124	3
123	2
122	2
121	3
120	3
119	5
118	1
117	6
116	2
114	2
113	1
111	3
110	2
109	3
108	2
107	1
105	1
104	1
103	2
102	3
99	2
98	2
97	3
94	4
91	6
90	2
89	1
88	6
87	2
86	4
85	1
83	1
82	3
81	1
80	2
79	2
78	5
77	1
76	2
75	2
74	5
73	5
71	2
70	1
69	3
68	2
67	3
66	2
65	2
64	4
63	2
62	1
61	5
60	2
