384
1000
700	1
698	2
697	1
696	3
695	1
693	2
692	1
691	3
690	1
689	3
688	1
687	3
684	1
683	2
680	1
679	1
677	1
675	2
674	1
673	2
672	1
670	2
669	1
667	2
666	1
665	1
664	1
663	1
662	2
660	2
659	2
657	3
655	1
654	1
652	3
651	2
649	2
648	2
647	1
646	2
645	2
644	1
643	2
642	1
641	2
640	2
639	1
637	2
635	1
634	4
632	5
631	1
630	2
627	2
626	1
625	2
624	2
623	2
622	2
621	3
619	2
616	2
615	4
614	1
613	1
611	4
610	1
609	3
608	2
607	2
606	2
605	1
604	1
603	4
602	4
601	4
600	2
598	2
595	1
594	2
592	1
591	6
590	2
589	1
588	2
587	3
586	1
585	4
584	1
582	3
581	4
580	3
579	1
578	2
576	1
575	1
574	1
573	2
571	1
570	1
569	1
567	1
565	1
560	3
559	2
558	2
557	3
556	1
555	2
553	2
552	1
551	2
550	2
547	1
546	2
545	2
544	2
543	2
542	2
541	2
539	2
538	2
537	1
536	1
535	1
534	4
533	1
532	2
529	2
528	2
527	2
526	2
525	2
524	1
523	2
520	2
519	1
518	1
517	3
516	1
515	6
514	2
513	1
512	2
511	2
510	2
509	2
508	2
507	3
506	3
505	2
504	1
502	2
501	1
498	3
497	2
496	1
495	2
494	1
491	3
490	3
489	5
488	1
487	1
486	1
485	1
484	2
482	2
481	7
479	1
478	1
477	3
476	3
475	2
473	1
472	1
470	2
469	1
468	4
467	3
466	1
465	1
463	2
462	1
461	1
458	1
457	4
454	1
451	2
450	2
449	2
448	4
447	2
446	1
445	2
444	1
443	3
441	1
440	2
437	3
436	2
435	1
434	2
433	3
432	1
430	4
428	1
427	1
426	2
425	1
424	2
422	5
420	1
419	2
418	1
417	2
416	1
415	1
413	1
412	1
410	2
407	4
406	3
405	1
404	2
403	1
402	3
401	1
400	1
399	2
397	3
395	1
394	2
393	3
392	1
391	2
390	2
389	1
388	2
387	2
386	1
385	2
384	1
383	2
382	3
381	3
380	1
379	1
378	2
377	2
376	1
375	4
373	3
371	1
370	1
369	2
368	2
367	2
366	3
365	2
364	3
363	3
362	1
361	4
360	3
357	2
356	1
353	1
352	2
351	4
350	3
348	3
347	1
346	2
345	4
344	1
342	1
337	3
335	2
333	3
332	2
331	1
330	2
329	4
328	1
327	1
326	1
325	1
324	1
323	2
322	2
321	5
320	1
318	1
317	1
316	2
315	3
314	2
313	3
312	2
311	1
309	1
307	2
305	2
304	1
303	2
302	1
301	2
300	2
299	1
296	2
295	1
293	3
291	2
290	1
289	1
288	1
287	1
286	3
285	2
283	1
282	1
281	1
280	2
279	1
278	1
276	3
275	1
274	2
272	2
270	1
269	3
268	1
267	1
263	1
261	1
260	3
259	1
258	3
256	1
254	2
253	1
252	2
251	3
250	1
249	2
247	2
245	1
244	1
243	3
242	2
240	2
239	2
238	3
236	2
234	1
233	4
232	2
230	3
229	2
228	1
227	4
226	4
225	3
224	1
223	4
221	1
220	4
218	2
217	2
216	2
215	1
214	1
213	2
212	4
211	1
210	5
209	1
207	5
206	2
204	3
202	4
201	1
200	2
