285
500
400	2
399	5
398	3
397	3
396	1
395	3
394	4
393	2
392	5
391	5
390	3
389	3
388	4
387	2
386	1
385	2
384	2
383	2
382	3
381	6
380	4
379	1
378	4
377	1
376	1
375	4
374	5
373	5
372	3
371	3
370	5
369	3
368	4
367	5
366	5
365	4
364	3
363	2
362	1
361	1
360	2
359	4
358	3
357	5
356	4
354	6
353	2
352	1
351	7
350	1
349	6
347	1
346	5
345	3
344	2
343	5
342	4
341	2
340	6
338	3
337	3
336	4
335	3
334	5
333	4
332	3
331	3
330	1
329	1
328	3
327	1
326	5
325	5
324	1
323	9
321	4
320	1
317	2
316	3
315	6
314	4
313	5
312	4
310	3
309	5
308	6
307	4
305	3
304	3
303	3
301	2
300	3
299	5
298	2
297	5
296	4
295	3
294	6
293	2
292	1
291	7
290	4
289	5
288	2
287	2
286	2
284	1
283	4
282	2
281	5
280	1
279	3
278	5
277	4
276	1
275	5
273	5
272	3
271	2
269	4
268	2
267	4
266	1
265	4
264	1
262	2
261	5
260	5
259	6
258	5
257	3
256	8
255	1
254	4
253	4
252	5
251	3
250	3
249	2
248	3
247	4
246	4
245	3
244	3
243	1
242	4
241	4
240	5
239	4
238	5
237	3
236	1
235	2
234	4
233	4
232	4
231	5
230	5
229	4
228	5
227	2
226	3
225	3
224	1
223	6
222	2
221	1
220	4
219	7
218	9
217	1
216	4
215	2
214	1
213	4
212	2
211	4
210	3
209	4
208	5
207	3
206	5
205	5
204	2
203	4
202	3
201	3
200	9
199	3
198	3
197	3
196	1
195	8
194	3
193	2
192	2
191	6
190	3
189	4
188	5
187	5
186	3
185	3
184	4
183	2
182	4
181	4
180	4
179	4
178	9
177	2
176	4
175	2
174	4
173	5
171	1
170	3
169	5
168	3
167	2
166	2
165	2
164	4
163	5
162	2
161	4
160	3
159	7
158	4
157	1
156	5
155	6
154	3
153	2
152	3
151	2
150	2
149	7
148	3
147	2
146	4
145	6
144	5
143	5
142	2
141	3
140	2
139	2
138	2
137	11
136	6
135	4
134	5
133	5
132	3
131	1
130	2
129	3
128	1
127	5
126	4
125	2
124	4
123	3
122	7
121	5
120	6
119	4
118	2
117	4
116	1
115	10
114	2
113	3
112	1
111	3
110	2
109	4
108	2
107	4
106	1
105	1
104	4
103	4
100	4
