243
1000
695	1
694	1
692	1
690	2
689	1
687	1
685	1
684	2
683	1
679	1
676	1
675	1
674	1
673	1
664	1
663	1
659	1
656	4
655	1
652	1
651	2
650	1
645	1
642	1
639	1
638	1
636	1
634	1
632	1
631	2
624	1
622	1
618	1
617	1
610	1
608	1
607	1
599	1
592	1
591	1
589	2
588	1
586	1
584	1
582	1
579	3
578	1
569	1
563	2
555	1
550	1
549	2
547	2
546	2
545	1
539	1
537	1
536	1
534	1
531	1
530	1
529	1
528	2
526	1
524	1
522	2
520	3
519	1
517	1
516	1
510	1
503	2
500	1
497	1
495	1
494	1
490	1
486	1
485	1
477	1
476	2
475	1
473	1
467	2
466	1
464	1
460	1
456	2
452	1
450	1
449	1
448	1
442	1
439	2
438	1
430	2
428	1
426	1
423	1
422	3
420	1
419	1
416	2
415	1
410	1
409	2
408	1
406	1
401	1
399	1
395	1
393	1
391	1
389	1
387	1
386	2
383	1
381	2
378	1
377	1
376	1
372	1
370	1
365	2
361	2
358	1
353	1
348	1
346	1
344	1
340	1
337	1
336	2
335	2
334	1
333	1
330	1
328	1
319	1
317	1
316	1
315	1
314	1
312	1
310	1
308	1
305	1
300	2
298	1
296	1
294	1
293	2
292	1
290	1
286	1
285	1
284	1
283	1
278	1
277	1
275	2
272	1
270	1
269	1
268	2
267	1
260	1
259	1
257	3
253	1
250	1
249	1
247	1
245	1
244	1
243	2
239	3
238	1
237	1
233	1
231	1
228	1
225	1
224	1
221	2
219	1
216	1
212	1
210	1
209	2
208	2
207	2
206	1
200	1
197	2
196	1
195	1
194	1
192	1
189	2
188	1
187	1
186	2
185	1
184	1
180	1
178	1
177	1
176	2
173	1
171	1
168	1
165	1
163	1
159	1
157	1
156	1
155	1
151	1
150	1
149	1
148	1
147	1
145	1
144	2
141	1
140	2
138	2
136	1
135	1
134	1
133	1
131	2
130	1
126	2
122	2
121	1
118	1
111	1
110	1
108	1
103	1
100	1
