354
750
525	2
524	5
523	1
522	2
521	4
520	1
519	6
518	3
517	6
516	1
515	1
514	4
513	2
511	4
509	3
508	2
507	2
506	6
505	2
504	2
503	4
502	2
501	5
500	3
499	4
498	2
497	4
496	3
495	3
494	1
493	2
492	1
491	2
490	5
489	2
488	6
487	5
486	1
485	3
484	4
483	1
482	2
481	3
480	2
478	3
477	3
476	3
475	1
474	2
473	4
472	3
471	4
470	4
469	2
468	3
467	5
466	1
465	1
464	3
463	2
462	2
461	4
460	3
459	3
458	4
457	3
456	1
455	4
454	2
453	1
452	3
451	2
450	4
449	5
448	1
447	2
446	2
445	2
444	2
443	1
442	4
441	1
440	3
439	1
438	6
437	3
436	4
435	5
434	4
433	5
432	1
431	3
430	2
429	3
428	5
427	3
426	1
425	3
424	1
423	4
422	4
421	1
420	2
419	7
418	2
417	4
416	2
415	4
414	1
412	4
411	2
410	2
409	2
408	3
407	4
406	3
405	3
404	4
403	4
402	2
401	2
400	4
399	3
398	2
397	4
396	2
395	5
394	4
393	1
392	4
391	2
390	3
388	5
387	5
386	3
385	3
383	1
381	3
380	1
379	1
378	1
377	3
376	1
375	1
374	3
373	2
372	1
371	2
370	5
369	1
368	3
367	4
366	3
365	2
364	1
363	2
362	1
361	4
360	3
359	4
358	2
357	2
356	2
355	4
354	3
353	4
351	5
350	3
349	3
348	1
347	2
346	2
345	1
344	2
343	2
342	3
341	1
340	4
339	4
338	6
337	1
336	2
335	3
334	2
333	3
332	1
328	1
327	2
326	1
325	2
324	2
323	2
322	2
321	3
320	4
318	3
317	1
316	2
315	2
314	2
312	2
311	2
310	3
309	6
308	2
307	3
306	6
305	5
304	5
303	4
302	4
301	4
300	1
298	5
297	3
296	3
294	4
293	5
292	2
291	2
290	2
289	3
288	2
287	2
286	2
285	1
284	3
283	6
282	3
281	2
280	1
279	1
278	3
277	1
276	6
275	1
274	2
273	2
272	3
271	3
270	3
269	3
267	3
266	2
265	5
264	1
263	2
261	4
260	3
259	3
258	1
257	1
256	5
255	3
254	6
253	1
252	6
251	4
250	2
249	2
248	1
247	1
246	5
245	2
244	2
243	5
242	2
241	1
240	3
239	2
238	4
237	2
236	4
235	1
234	1
233	1
232	2
231	1
230	1
228	1
227	6
226	5
225	2
224	3
223	2
222	1
221	5
220	1
219	3
217	1
216	4
215	4
214	3
212	1
211	2
210	5
209	8
208	3
207	2
206	4
205	3
204	1
203	2
202	4
201	5
200	1
199	10
198	3
196	1
195	2
194	1
193	3
192	4
191	4
190	2
189	4
188	5
187	1
186	3
185	5
184	7
183	2
182	2
181	3
180	7
179	3
178	2
177	2
176	3
174	5
173	1
172	3
171	3
170	5
169	2
168	2
167	2
166	3
165	3
164	4
163	2
162	2
161	3
160	1
159	2
158	3
157	4
156	7
155	2
154	1
153	4
152	2
151	3
150	1
