236
1000
799	1
798	1
797	1
796	1
795	1
794	2
793	3
791	1
790	1
788	1
787	1
785	1
784	1
782	1
781	1
776	1
768	1
767	1
764	1
760	1
759	1
758	1
757	1
751	1
749	2
748	1
747	1
745	2
742	1
741	1
740	1
733	2
732	1
731	2
728	1
726	1
724	1
716	2
711	4
709	1
708	1
707	1
706	1
705	1
701	1
698	1
692	1
691	1
684	2
682	1
681	1
679	1
676	1
671	1
669	1
668	1
666	1
665	1
662	1
659	1
657	1
656	1
655	1
654	2
653	1
648	1
646	1
643	1
642	1
641	1
640	1
639	1
634	1
629	1
625	1
624	2
621	1
617	1
616	1
611	1
610	1
608	1
607	1
606	3
605	1
603	2
598	2
597	1
593	1
591	1
587	1
586	1
584	1
580	1
577	1
576	1
574	1
572	1
571	1
570	1
565	2
564	3
560	1
558	2
553	1
552	1
548	1
544	3
539	2
537	1
536	1
531	1
529	1
528	1
527	2
525	1
522	1
518	1
513	1
510	1
505	1
503	1
501	1
500	1
499	1
487	2
482	2
480	1
476	1
472	1
468	3
467	1
466	1
464	1
460	3
459	2
458	3
455	1
452	1
449	1
448	2
446	1
445	2
440	2
439	1
437	1
436	1
433	3
425	1
424	2
423	1
421	1
419	1
416	1
414	1
406	1
404	1
399	1
391	1
387	1
383	1
381	1
373	2
371	2
366	1
365	2
364	2
362	1
359	1
357	2
353	1
352	1
351	1
349	1
347	1
345	1
343	1
342	3
340	1
339	1
338	1
336	1
334	2
332	1
330	1
327	1
325	1
323	1
319	1
316	2
314	1
312	1
311	2
310	2
309	1
295	1
294	1
292	2
291	1
286	1
285	1
284	2
283	1
282	1
280	1
278	4
277	1
274	1
272	2
270	1
268	1
267	2
262	1
260	1
258	1
256	1
253	2
250	1
249	2
243	1
239	1
235	1
234	1
231	1
230	1
224	1
222	2
221	1
219	1
213	1
210	1
205	1
203	1
202	2
201	2
200	1
