206
400
320	2
319	1
318	4
316	2
315	2
314	3
312	1
311	4
310	1
309	2
308	1
307	4
306	3
305	2
304	2
303	2
302	4
301	3
300	5
299	1
298	3
297	4
296	2
295	5
294	7
293	2
292	5
291	3
290	1
289	1
288	2
287	1
286	3
285	2
284	1
283	2
282	4
281	2
280	3
276	5
275	2
274	2
273	1
271	2
270	1
269	1
268	3
266	2
265	1
264	1
263	3
262	3
261	1
260	2
258	6
257	4
255	2
254	1
253	1
252	6
251	4
250	2
249	2
248	1
247	4
246	5
245	1
244	3
243	2
242	2
241	3
239	2
238	2
237	1
236	5
235	3
234	1
233	2
231	3
230	1
228	2
227	3
226	3
225	2
224	1
223	5
222	3
221	1
219	2
218	4
217	1
214	2
213	2
212	1
211	3
210	4
209	2
208	3
206	3
202	3
201	4
200	1
199	1
198	3
197	3
196	2
195	2
194	1
193	1
192	4
191	5
190	3
187	2
186	1
184	2
183	2
182	1
181	3
180	2
179	2
178	1
176	2
175	5
174	1
173	2
172	1
171	4
170	3
169	1
168	1
167	5
165	2
163	2
162	3
161	3
160	4
159	2
158	4
157	2
156	1
155	1
154	2
152	2
151	4
150	1
149	1
148	2
146	1
145	4
144	1
143	1
142	2
141	2
140	3
139	2
138	2
137	4
136	4
135	4
134	2
133	1
132	1
131	1
130	1
128	5
127	3
126	2
125	5
124	3
122	2
121	4
120	1
119	1
118	2
117	1
116	1
115	1
113	3
112	3
110	2
108	3
107	1
106	4
105	3
104	1
103	1
102	1
101	1
100	1
99	1
98	2
97	4
96	3
95	2
94	2
93	4
92	8
91	4
90	2
86	3
85	5
84	3
83	4
82	1
81	2
80	1
