158
1000
700	1
699	1
695	2
694	1
689	1
688	1
686	1
684	1
682	2
681	1
679	1
677	2
676	1
674	1
673	1
668	1
667	1
665	1
662	2
660	1
659	1
658	1
654	2
650	1
647	1
646	1
644	1
641	1
639	3
638	1
636	1
635	1
631	1
629	1
627	1
619	2
616	1
609	1
607	1
606	2
602	1
601	1
594	2
592	1
581	1
573	2
569	3
566	1
563	1
559	1
555	1
552	2
550	2
546	1
544	2
540	1
538	1
536	1
535	1
531	2
528	1
524	2
518	2
515	1
513	1
511	1
509	1
503	2
499	1
496	1
492	1
485	1
483	1
478	1
477	1
474	1
469	1
464	1
462	1
459	1
458	2
454	1
444	1
442	1
431	2
429	1
426	1
419	2
418	1
416	1
414	1
413	2
408	1
404	1
401	1
399	2
398	2
395	1
392	1
390	1
383	2
381	3
371	1
367	1
363	2
359	3
358	1
357	1
340	2
338	1
334	1
330	1
326	1
325	1
324	1
320	1
311	1
310	2
309	2
303	2
296	1
294	1
292	1
290	1
284	1
282	1
272	1
269	1
265	2
264	1
263	1
259	1
258	1
254	1
251	2
250	1
248	2
246	1
241	1
236	1
235	1
233	1
232	1
229	2
228	1
223	1
220	1
218	1
217	2
216	1
215	1
214	1
213	1
212	2
206	1
204	1
203	1
202	1
