450
750
600	3
599	2
598	5
597	2
596	1
595	2
594	2
593	3
592	1
591	4
590	1
589	2
588	2
587	1
586	3
585	2
584	2
583	3
582	2
581	2
580	1
579	2
578	3
577	4
576	4
575	4
573	2
572	2
571	4
570	4
569	2
568	1
567	1
566	2
565	2
564	3
562	4
560	1
559	1
558	1
557	3
556	1
555	1
554	2
553	5
552	6
551	1
550	1
549	3
548	1
546	3
545	5
544	3
543	2
542	2
541	2
540	2
539	2
538	1
537	3
535	2
534	3
533	2
532	1
531	2
530	1
529	3
527	3
526	2
525	2
523	1
520	2
519	3
517	4
516	1
515	2
512	1
511	1
510	1
507	3
506	4
505	3
502	2
501	2
500	3
499	6
496	2
495	1
494	1
492	3
491	1
490	4
489	2
486	1
485	3
484	2
483	2
482	1
481	3
480	2
479	3
478	2
477	3
476	1
475	1
474	4
473	1
472	5
471	5
470	2
469	2
468	4
467	2
466	3
465	5
464	1
463	1
462	1
461	1
460	1
459	1
458	3
457	2
456	2
455	1
453	1
452	1
451	2
450	1
448	2
447	1
446	3
445	1
444	2
443	3
442	2
441	1
440	2
439	1
438	2
437	1
436	3
435	3
434	3
433	1
432	1
431	2
430	5
429	1
428	1
427	1
426	1
425	3
424	2
423	2
422	1
421	1
420	3
419	2
418	2
417	3
416	6
415	3
414	1
413	2
412	1
410	3
409	3
408	1
407	2
406	2
405	2
404	1
403	4
400	4
399	3
398	2
396	6
395	5
394	3
393	4
391	1
390	3
389	3
388	1
387	1
386	1
385	3
384	3
383	2
382	3
381	1
380	2
379	2
377	1
376	1
375	2
373	1
372	1
371	4
370	4
369	2
368	2
366	3
365	4
364	3
363	2
362	3
361	3
360	3
359	1
357	2
356	4
355	1
354	2
353	3
352	5
351	1
350	3
349	1
348	2
347	1
346	2
345	1
344	2
343	4
342	1
341	3
340	1
339	4
338	4
337	1
335	3
334	1
333	3
331	1
330	2
328	1
327	2
326	3
325	2
324	4
323	3
322	4
321	3
320	2
319	1
318	2
316	2
315	3
314	1
313	2
312	5
311	3
310	3
309	3
308	7
307	4
306	2
305	1
303	2
302	4
301	4
300	2
297	1
296	4
295	2
293	1
292	2
291	4
290	1
289	1
288	1
287	2
286	1
285	1
284	2
283	3
282	1
281	1
280	4
279	2
278	2
277	3
276	2
275	2
274	2
273	4
272	2
271	3
270	1
269	1
268	3
267	2
266	1
265	2
264	4
263	2
262	2
261	1
260	2
258	2
257	2
255	2
253	1
252	3
251	1
250	1
249	2
248	2
247	1
243	1
242	1
240	2
239	2
238	2
237	2
235	2
233	3
232	1
231	2
230	3
229	3
228	3
227	1
226	1
224	2
223	3
222	2
221	1
219	5
218	3
217	1
216	1
215	4
213	2
212	1
210	1
208	1
207	3
205	2
204	1
203	1
202	2
200	4
199	2
198	2
196	1
195	1
194	3
193	2
192	3
190	2
189	1
187	3
186	2
185	4
184	1
182	3
181	4
180	3
178	2
176	4
175	3
174	1
173	1
172	1
171	3
170	4
169	1
168	3
167	2
166	1
165	4
164	2
163	2
162	2
161	2
160	2
158	2
157	2
156	2
154	3
153	2
152	1
151	3
150	3
149	6
148	2
147	1
146	3
145	1
144	1
143	2
142	4
141	2
139	3
138	1
136	4
135	7
134	1
133	1
132	1
131	1
130	3
127	1
126	3
125	1
124	1
123	4
122	1
121	2
120	1
119	1
118	4
117	2
116	2
114	2
113	2
112	2
111	1
108	1
107	3
106	4
105	3
104	1
103	3
102	3
100	1
99	1
97	2
96	2
95	1
94	4
93	2
91	2
90	2
89	4
87	3
86	2
85	1
84	2
83	1
82	2
81	1
80	1
79	2
78	2
77	1
75	2
