489
1000
700	4
699	2
698	2
697	1
696	2
695	3
694	2
693	2
692	3
691	1
690	1
689	2
688	1
684	2
682	2
680	2
678	3
677	3
676	2
674	4
672	1
671	3
667	2
666	2
665	1
663	3
662	2
661	2
660	1
658	3
657	3
654	2
653	2
652	1
651	1
650	1
649	2
648	2
647	4
646	3
643	3
641	3
640	2
639	2
638	5
636	1
635	1
634	1
633	2
630	2
629	1
628	2
627	3
625	1
624	2
623	3
621	1
620	1
619	3
618	1
617	2
616	3
615	2
614	3
613	3
611	2
610	1
609	4
608	2
607	3
606	3
604	1
603	1
602	1
601	3
600	1
599	3
598	3
597	2
596	2
595	1
594	5
593	1
591	1
590	3
589	1
588	1
587	2
586	1
585	1
584	2
583	2
581	1
580	3
579	4
578	1
577	1
575	3
573	3
572	2
571	3
570	3
569	2
565	4
564	2
563	3
562	1
561	2
560	3
558	2
557	2
556	2
554	1
553	2
552	4
551	3
550	2
549	3
548	1
547	2
545	3
544	3
543	1
542	2
541	4
540	1
539	4
538	2
537	3
536	1
535	2
534	2
533	2
532	1
531	3
530	3
529	1
528	1
527	2
526	1
525	1
523	2
522	2
520	1
519	1
517	1
516	2
514	1
513	3
512	2
511	3
510	2
509	1
508	2
507	2
506	2
505	2
504	3
503	4
502	2
501	2
500	4
499	2
498	2
496	1
495	1
493	1
492	1
491	1
489	1
488	1
487	2
486	1
485	1
484	1
483	1
482	3
480	1
479	1
478	2
477	1
476	1
475	2
473	1
472	4
471	2
470	1
469	1
468	3
467	6
466	1
465	3
464	3
462	3
461	1
460	1
459	1
458	2
457	1
456	2
455	1
454	2
453	2
452	4
450	3
449	1
448	3
447	4
446	2
445	3
444	1
443	4
442	2
439	1
438	1
435	3
434	2
431	2
430	2
429	3
428	1
427	1
426	1
424	1
423	1
421	1
420	2
419	1
418	3
417	1
415	1
414	4
413	1
412	1
411	1
408	2
407	1
406	2
405	2
404	3
403	3
402	1
401	1
400	2
399	2
398	2
397	3
396	1
395	1
393	3
391	2
390	4
389	3
388	2
387	1
386	3
385	1
384	3
383	1
382	2
381	3
380	3
379	1
378	1
377	2
376	1
374	4
372	2
371	1
370	2
369	2
368	1
367	1
365	2
364	2
363	2
362	4
361	4
360	1
359	2
357	1
355	2
354	1
352	1
351	3
350	1
349	1
348	3
347	1
345	3
344	2
343	2
342	1
341	1
339	2
338	2
337	1
336	2
335	2
334	1
333	3
329	1
328	3
325	5
324	3
323	3
322	4
321	2
320	1
319	4
318	2
316	1
315	2
314	4
313	1
312	1
311	2
310	2
309	1
308	2
307	4
306	3
305	2
304	4
303	1
302	2
301	3
300	1
299	3
298	2
297	2
296	2
294	2
293	3
292	1
290	1
289	2
288	6
287	1
286	1
285	1
282	1
281	1
280	2
279	4
277	5
275	1
274	1
273	2
272	2
270	1
269	2
268	1
267	1
266	2
265	4
264	2
263	4
262	6
261	4
260	1
259	1
258	3
257	3
256	1
255	1
254	2
253	2
251	2
248	2
247	1
246	2
245	1
244	2
243	1
242	1
241	1
238	1
237	2
236	3
235	1
234	3
232	1
231	4
230	6
228	2
227	6
225	1
222	2
221	3
220	1
218	1
217	1
215	3
214	2
213	2
212	1
211	5
210	4
209	1
208	1
207	2
206	1
204	1
202	3
200	3
199	4
197	1
196	1
195	1
193	3
191	1
190	2
189	2
188	4
187	1
186	1
185	1
184	4
183	4
181	1
180	2
179	1
178	3
177	3
176	1
175	4
174	1
172	2
171	2
170	2
169	5
168	1
167	1
166	3
165	1
164	1
163	2
162	2
161	1
160	2
159	2
158	2
157	2
155	4
154	1
152	2
151	2
150	1
149	1
148	2
145	6
144	1
143	1
142	5
141	1
140	1
139	2
138	1
137	2
136	3
135	3
133	3
132	1
130	1
129	4
128	1
127	1
124	1
123	1
122	2
121	2
120	2
119	1
118	2
117	4
115	2
114	1
113	4
112	1
110	2
109	2
108	1
107	1
106	3
105	2
103	3
102	1
101	2
