169
400
280	2
279	3
278	2
277	2
275	3
274	3
273	1
272	2
271	5
270	1
269	1
268	1
267	3
266	4
265	3
264	2
263	2
262	2
260	2
259	4
258	1
257	5
256	5
255	1
254	5
253	5
252	2
251	6
250	2
248	1
247	2
246	2
244	3
242	2
241	4
240	3
239	1
238	2
237	2
234	1
233	5
232	2
231	5
230	4
229	3
228	2
227	3
225	2
223	4
222	1
220	2
219	2
217	1
216	3
215	5
214	1
213	2
212	1
211	2
209	3
208	5
207	1
206	2
205	3
204	1
203	4
201	2
200	2
198	2
197	2
196	1
195	3
194	3
191	1
190	1
189	5
187	1
185	4
184	2
183	2
182	1
181	2
180	1
179	2
178	2
177	4
176	4
175	1
174	2
173	2
172	1
171	3
170	2
169	1
168	2
167	3
166	1
165	2
164	3
163	1
162	2
161	4
160	1
158	4
156	1
155	2
154	4
153	1
152	3
151	2
150	2
149	3
148	3
147	3
146	2
144	3
143	4
142	3
140	1
139	3
138	1
137	3
136	2
135	1
131	1
130	1
129	3
128	3
127	1
126	5
125	1
124	3
123	2
121	2
120	3
119	2
117	2
116	3
115	3
114	7
113	1
112	1
110	3
108	1
107	1
106	2
105	2
104	4
103	2
102	3
101	1
100	1
99	3
98	1
97	3
96	2
95	1
94	1
93	3
92	1
91	2
90	2
89	2
88	1
86	2
84	1
83	3
82	4
81	3
