87
750
591	2
588	1
587	1
581	1
578	1
576	1
575	1
573	1
572	1
565	1
561	1
558	1
557	1
554	1
548	1
530	1
528	1
522	1
511	1
497	1
491	2
490	1
481	1
480	1
476	1
461	1
449	3
435	1
434	1
432	2
429	1
426	2
425	1
420	1
418	1
403	1
393	1
392	1
388	1
386	1
383	1
382	1
353	1
352	1
346	1
344	1
340	1
339	1
328	1
321	1
320	2
315	2
313	1
312	1
304	1
301	1
300	1
297	1
296	2
282	1
280	1
279	1
269	1
267	1
262	2
260	2
251	1
245	1
234	2
233	1
230	1
223	1
222	1
216	1
215	1
212	1
199	1
196	1
185	1
181	1
179	1
177	1
172	2
167	1
158	1
157	1
150	1
