140
200
160	3
159	2
158	5
157	2
156	2
155	6
154	3
153	4
152	3
151	4
150	2
149	3
148	6
147	6
146	2
145	2
144	4
143	2
142	4
141	4
140	3
139	2
138	3
137	5
136	2
135	3
134	3
133	1
132	2
131	5
130	3
129	3
128	5
127	2
126	3
125	6
124	2
123	4
122	5
121	3
120	9
119	2
118	2
117	5
116	6
115	3
114	4
113	3
112	5
111	2
110	5
109	2
108	3
107	5
106	5
105	6
104	2
103	4
102	4
101	9
100	1
99	3
98	4
97	5
96	4
95	6
94	1
93	4
92	6
91	2
90	4
89	6
88	2
87	2
86	4
85	1
84	3
83	5
82	3
81	2
80	5
79	3
78	1
77	4
76	3
75	3
74	4
73	7
72	5
71	3
70	5
69	1
68	3
67	2
66	4
65	6
64	2
63	3
62	5
61	2
59	1
58	3
57	4
56	2
55	4
54	4
53	8
52	2
51	5
50	3
49	2
48	2
47	5
46	2
45	8
44	3
43	6
42	5
41	1
40	1
39	3
38	2
37	5
36	4
35	5
34	1
33	5
32	3
31	5
30	7
29	3
28	2
27	3
26	2
25	8
24	2
23	5
22	2
21	2
20	1
