291
500
400	3
399	2
398	3
397	7
396	7
395	4
394	2
393	7
392	4
391	2
390	5
389	5
387	5
386	3
385	6
384	4
383	5
382	4
381	5
380	5
379	6
378	7
377	6
376	3
375	3
374	4
373	3
372	1
371	3
370	6
369	8
368	3
366	1
365	2
364	7
363	4
362	5
361	3
360	5
359	1
358	5
357	3
356	3
355	6
354	1
353	3
352	5
351	4
350	3
349	6
348	2
347	3
346	2
345	3
344	4
343	3
342	3
341	4
339	4
338	1
337	3
336	3
335	3
334	6
333	4
332	5
331	3
330	2
329	7
328	1
327	5
326	2
325	1
324	3
323	1
322	5
321	6
320	1
319	3
318	1
317	3
316	2
315	5
314	2
313	3
312	5
311	7
310	4
309	3
308	7
307	5
306	4
305	2
304	4
303	4
302	4
301	3
300	6
299	3
298	2
297	2
296	3
295	2
293	1
292	4
291	3
290	4
289	2
288	4
287	3
285	3
284	1
283	2
282	3
281	3
280	2
279	2
278	1
277	3
276	4
275	4
274	2
273	2
272	4
271	3
270	5
269	2
268	1
267	1
266	3
265	3
263	2
262	1
261	3
260	2
259	2
258	5
257	3
256	3
255	4
254	1
253	1
252	5
251	2
250	4
249	2
248	2
247	5
246	1
245	1
244	2
242	4
241	5
240	8
239	2
238	3
237	6
236	5
235	4
234	2
233	2
232	6
231	2
229	3
228	2
227	1
226	1
225	3
224	2
223	2
222	2
221	4
220	3
219	4
218	1
217	4
216	2
215	4
214	3
213	2
212	2
211	1
210	4
209	3
208	3
207	1
206	3
205	2
204	2
203	4
202	2
201	1
200	5
199	2
198	6
197	4
196	4
195	4
194	2
193	2
192	1
191	2
190	3
189	4
188	5
187	3
186	4
185	4
184	3
183	2
182	1
181	5
180	3
179	5
178	4
177	3
176	5
174	1
173	2
172	4
171	3
170	6
169	4
168	2
167	6
166	4
165	4
164	3
163	9
162	2
161	5
160	4
159	6
158	5
157	4
156	4
155	6
154	1
153	1
152	2
151	3
150	5
149	4
148	6
147	3
145	7
144	3
143	4
142	2
141	1
140	4
139	2
138	4
137	6
136	5
135	1
134	3
133	3
132	6
131	5
130	3
129	3
128	2
127	5
126	7
125	3
124	2
123	4
122	7
121	1
120	1
119	4
118	2
117	5
116	2
115	5
114	5
113	4
112	2
111	7
110	2
109	2
108	4
107	5
106	4
105	5
104	6
103	7
102	3
101	2
100	2
