173
400
319	1
318	2
317	1
315	2
314	2
313	1
312	2
311	3
310	3
309	1
308	1
307	3
306	1
305	3
304	2
303	1
302	1
301	2
300	1
297	1
296	1
295	1
292	3
291	2
290	2
289	1
286	1
285	1
284	2
283	2
282	2
279	2
278	1
276	2
271	2
270	1
268	3
266	1
265	2
264	2
263	2
261	3
260	1
259	1
258	1
257	1
256	1
255	1
254	2
253	2
252	3
251	1
250	2
249	1
247	1
246	1
244	5
243	1
242	1
241	2
240	1
239	1
238	3
236	1
235	2
234	2
233	3
232	1
230	3
229	1
227	3
226	1
225	1
224	1
223	1
222	1
219	1
217	2
216	1
213	2
212	2
211	2
210	2
209	3
208	1
206	2
203	1
202	1
201	1
200	1
199	2
196	1
195	5
194	4
192	1
191	2
189	1
188	1
187	4
186	3
185	1
184	2
183	1
182	1
181	2
180	1
179	1
178	1
177	1
175	2
174	1
173	2
171	1
170	1
166	1
164	2
162	2
161	1
160	1
159	4
158	1
157	1
156	1
155	2
150	2
149	1
148	3
147	2
146	3
145	1
144	2
140	2
139	1
138	2
137	1
136	1
134	1
131	1
130	4
129	2
128	2
127	2
126	1
125	2
124	3
122	3
121	1
120	3
117	1
116	1
115	4
113	1
111	3
110	2
106	1
105	3
104	1
103	1
102	1
101	3
97	5
96	1
95	3
94	2
93	1
92	1
91	1
90	4
89	1
85	1
83	1
82	3
81	1
