106
150
120	12
119	6
118	3
117	7
116	8
115	11
114	8
113	6
112	11
111	4
110	11
109	6
108	6
107	7
106	6
105	9
104	5
103	5
102	12
101	7
100	7
99	8
98	6
97	4
96	5
95	7
94	6
93	5
92	5
91	6
90	6
89	7
88	7
87	9
86	2
85	8
84	11
83	3
82	9
81	4
80	4
79	9
78	13
77	13
76	8
75	8
74	8
73	6
72	7
71	15
70	6
69	7
68	11
67	5
66	6
65	10
64	5
63	8
62	5
61	5
60	4
59	4
58	7
57	9
56	12
55	4
54	6
53	5
52	9
51	4
50	6
49	9
48	7
47	6
46	12
45	9
44	4
43	8
42	7
41	1
40	5
39	12
38	5
37	2
36	12
35	7
34	11
33	9
32	11
31	6
30	4
29	1
28	7
27	7
26	8
25	12
24	7
23	6
22	10
21	5
20	7
19	4
18	2
17	3
16	9
15	11
