132
200
160	3
159	2
158	3
157	2
156	1
155	3
153	4
152	2
151	1
150	5
149	3
148	5
147	3
146	4
145	4
144	1
143	6
142	2
141	5
140	4
139	2
138	1
137	1
136	2
135	3
134	5
132	1
131	2
130	3
128	5
127	2
126	1
125	4
124	4
123	1
122	1
121	2
120	4
119	2
118	2
117	4
116	5
115	3
114	1
113	3
112	2
111	2
110	4
107	3
106	4
105	4
104	2
103	2
101	2
100	3
99	4
98	5
97	5
96	2
95	8
94	3
93	1
92	1
91	3
90	4
89	1
88	3
87	4
86	2
85	5
84	2
83	4
82	5
81	1
80	2
79	1
78	5
77	4
76	4
75	1
74	3
73	2
72	4
71	2
70	4
69	1
68	2
67	2
66	4
65	5
64	5
63	2
62	8
61	2
60	2
59	2
58	3
57	4
56	2
55	2
54	1
52	3
51	3
50	4
49	4
48	3
46	2
45	1
44	4
43	5
42	2
41	3
40	4
39	4
38	4
37	2
36	3
35	3
34	7
33	4
32	3
31	3
30	3
29	2
28	2
27	5
25	2
24	6
23	3
22	2
21	4
20	3
