170
1000
700	1
699	1
698	1
695	1
694	1
691	1
690	1
689	1
686	1
683	1
680	1
679	2
678	1
677	1
672	1
670	1
663	3
654	1
648	1
638	1
632	1
630	1
627	1
626	1
625	1
624	1
623	1
619	2
618	1
617	2
616	1
615	2
614	1
612	1
609	1
605	1
603	2
600	1
596	1
593	1
592	1
586	1
584	2
583	1
581	1
580	2
579	3
577	2
574	1
573	1
569	1
568	1
567	1
561	1
558	1
555	1
554	1
553	1
552	1
550	1
547	1
544	1
542	1
541	1
539	1
531	1
526	1
525	1
522	1
519	2
518	1
514	1
510	1
508	2
506	3
503	1
502	1
497	1
496	2
492	1
484	1
483	1
480	1
479	1
472	1
469	1
468	1
464	2
461	1
459	1
458	1
456	1
447	1
446	1
445	1
442	1
441	1
439	1
424	1
420	1
418	1
416	1
415	1
411	1
410	1
409	1
405	1
399	1
398	1
396	1
392	1
391	1
390	1
389	1
388	1
385	1
374	1
363	1
360	1
359	1
356	1
336	1
334	1
328	1
324	1
320	2
319	2
316	2
313	1
312	3
310	2
308	1
304	1
303	1
296	2
295	1
294	1
293	1
287	2
282	1
279	1
271	1
267	1
266	1
265	1
263	1
261	2
260	1
259	1
252	1
249	1
247	1
246	1
243	1
240	1
238	1
236	2
235	1
231	1
226	1
223	1
222	1
220	1
219	1
212	1
211	1
210	2
207	1
206	1
201	2
