308
1000
799	1
797	1
795	1
794	1
793	1
792	1
791	1
787	1
779	1
773	1
771	1
769	1
768	3
767	1
766	1
764	2
763	1
760	1
756	1
754	1
753	1
752	2
749	1
747	1
746	5
743	1
742	1
736	1
731	1
728	1
727	2
726	1
724	1
720	2
716	2
714	1
712	2
710	1
707	1
704	1
703	1
701	1
699	1
698	1
697	1
696	1
693	1
692	3
690	2
689	2
687	1
686	1
685	1
683	3
675	2
674	1
673	2
672	2
668	2
667	1
663	1
661	1
657	3
656	1
653	1
649	1
648	1
647	3
646	1
645	1
644	1
643	1
640	2
638	2
636	1
635	2
632	1
631	2
627	1
623	1
619	1
618	1
617	1
614	1
613	1
608	2
607	1
603	1
602	1
601	2
599	2
594	1
593	1
592	1
589	1
587	1
586	1
585	1
584	2
583	1
582	1
580	1
579	1
576	1
575	1
572	1
569	1
568	2
565	1
562	1
561	1
559	1
558	1
557	1
555	1
554	1
553	1
552	1
548	1
539	1
538	1
537	1
534	2
533	1
532	1
527	1
524	3
519	1
514	1
510	1
509	2
506	1
505	3
503	1
499	2
497	1
495	1
494	1
492	1
491	1
488	1
487	2
486	1
483	1
482	2
474	1
473	1
470	1
469	2
467	1
464	1
462	1
458	1
454	2
453	1
451	1
449	2
447	1
446	1
445	1
441	2
440	2
438	1
435	1
432	1
429	3
428	1
427	2
424	2
421	1
420	1
418	1
415	1
413	1
410	2
409	1
401	1
399	2
398	1
397	1
395	1
393	2
391	1
388	1
386	1
385	1
381	2
380	1
377	1
376	1
374	1
369	1
368	1
366	1
364	1
361	1
359	2
358	1
357	1
356	1
352	1
345	1
341	1
340	1
337	1
336	1
334	1
333	1
330	1
325	1
323	2
322	1
321	1
315	3
313	2
312	2
307	1
304	2
303	1
302	2
298	1
297	1
296	1
295	1
289	2
287	1
284	1
282	1
281	1
279	1
277	1
272	1
271	3
268	1
267	3
264	2
263	2
259	1
256	1
254	1
249	2
246	1
245	1
244	1
239	2
238	2
236	1
230	1
228	1
227	1
225	1
221	1
220	1
215	1
208	2
207	1
203	1
199	1
198	1
197	1
196	2
191	2
189	1
188	3
185	1
184	1
183	1
182	1
176	1
175	1
171	1
170	1
165	1
163	1
162	1
161	1
159	1
156	1
154	1
151	1
150	2
149	1
145	1
144	4
142	1
140	1
139	1
138	1
137	1
136	1
133	1
131	1
129	2
128	3
126	2
123	1
120	1
117	2
115	3
114	1
113	2
111	1
110	1
109	1
106	1
103	1
102	1
101	1
