266
1000
699	1
698	2
697	4
696	1
694	1
693	1
692	2
691	2
690	1
685	1
683	1
682	1
681	1
680	1
679	1
674	1
673	2
672	1
671	1
669	2
668	2
667	2
665	2
663	2
662	1
661	1
660	3
659	1
655	1
654	2
653	2
651	2
649	1
648	1
647	3
646	1
639	2
638	1
636	3
632	1
628	1
627	1
626	3
625	2
623	2
622	1
620	2
619	3
617	1
616	1
613	1
612	1
611	2
610	1
607	1
602	1
600	1
599	2
594	1
587	1
586	1
585	2
584	2
583	2
581	2
580	1
578	1
577	1
576	1
575	2
574	1
571	1
570	1
568	1
565	1
564	2
562	2
560	1
557	3
556	1
554	2
553	2
549	1
547	4
543	2
542	2
541	1
539	1
538	1
537	1
536	1
535	1
534	1
533	1
530	1
529	1
528	1
527	2
526	1
524	1
523	1
521	1
520	3
519	1
515	1
513	2
512	1
511	2
510	1
507	1
504	1
498	3
495	2
493	1
483	1
482	3
481	3
477	2
476	1
475	2
473	1
470	2
469	1
468	1
467	1
466	4
462	1
461	1
460	3
457	1
456	1
453	3
452	1
451	1
450	3
445	3
444	2
442	1
441	1
440	1
439	1
438	2
437	1
436	1
434	1
432	1
429	1
428	1
427	1
425	1
421	1
419	1
418	1
416	1
415	1
413	2
411	3
409	1
407	1
406	2
405	1
403	1
402	2
401	1
400	1
399	3
397	1
396	2
394	2
393	1
392	2
389	2
388	2
383	1
382	1
381	2
380	1
377	1
376	2
373	1
372	1
368	1
367	1
363	2
362	1
360	1
358	2
357	1
356	3
355	3
354	1
353	3
352	1
348	1
347	1
345	1
344	2
343	2
341	3
340	1
338	2
336	2
335	1
333	3
331	1
330	1
329	1
328	1
326	1
325	1
324	1
322	1
320	2
318	1
315	1
314	1
312	2
311	3
310	1
309	1
306	1
303	2
298	2
293	3
292	2
290	1
286	1
283	1
282	2
280	2
278	1
274	1
271	2
269	1
268	2
267	1
266	1
264	2
259	1
257	3
255	2
253	1
250	1
249	1
248	1
247	3
245	2
243	1
242	2
240	1
239	2
237	1
235	1
234	2
232	1
227	2
222	1
221	3
217	1
214	1
213	1
211	2
209	2
208	1
205	1
203	2
