190
400
320	3
319	2
318	1
317	1
316	2
315	4
314	2
313	2
312	3
311	1
310	3
309	4
308	1
307	3
306	1
304	1
303	4
302	3
301	1
299	1
296	1
295	2
294	1
293	1
291	1
289	2
288	4
287	1
285	3
284	2
283	1
282	2
281	1
280	1
279	4
276	2
275	1
274	1
273	3
272	2
271	1
270	1
269	4
268	2
266	3
264	3
262	4
261	2
260	1
259	1
257	1
256	1
255	3
254	2
253	1
252	5
251	2
249	3
248	1
247	3
246	3
245	1
244	1
242	1
240	3
238	3
235	2
234	4
232	2
231	2
230	1
228	1
227	1
226	3
224	4
223	1
222	3
221	3
219	2
218	2
217	1
216	2
214	1
212	4
211	2
210	3
208	3
207	2
206	2
205	2
204	1
203	3
202	3
200	2
198	4
197	2
196	1
193	3
192	1
191	2
190	1
189	3
187	3
186	2
185	3
184	3
183	1
181	1
180	2
178	4
177	3
176	3
175	1
173	2
172	3
171	3
168	3
167	3
166	2
165	1
163	3
162	2
161	3
160	3
159	2
158	1
157	4
156	2
155	4
154	1
153	1
152	4
151	2
148	3
147	1
146	1
145	2
144	1
142	2
141	3
140	1
139	3
138	1
137	1
136	3
135	2
134	2
133	1
132	2
131	3
130	2
126	1
124	1
123	1
122	4
121	2
120	1
118	2
117	3
115	2
113	4
111	2
110	1
109	4
108	2
107	2
106	2
105	2
104	2
102	2
101	2
100	3
99	1
98	3
97	3
96	3
95	3
94	2
93	1
92	2
91	1
89	1
88	1
87	2
86	1
85	3
84	1
82	1
81	1
80	2
