444
750
600	1
599	3
597	4
594	2
593	1
592	2
590	2
589	1
588	2
586	3
585	3
584	1
582	2
581	1
580	1
579	3
578	1
576	2
575	1
573	2
572	2
571	1
570	5
569	1
568	3
567	3
566	1
565	2
562	1
560	3
559	2
558	1
557	4
555	2
554	4
553	1
552	2
551	3
550	1
549	4
548	1
547	2
546	3
545	1
544	1
543	4
542	3
541	4
540	2
539	2
537	2
535	1
534	3
533	1
532	3
531	1
530	2
529	4
528	1
527	2
526	1
524	5
523	1
522	2
520	2
519	1
518	1
517	2
516	4
515	4
514	3
513	2
512	5
510	2
509	1
508	3
506	3
505	2
504	5
502	4
501	6
499	1
498	4
496	4
495	3
494	1
493	2
492	2
490	2
489	1
488	1
487	1
486	1
485	5
484	1
483	4
481	4
480	1
479	3
478	2
476	1
474	1
472	3
471	5
470	3
469	4
468	2
467	4
463	1
462	2
460	1
458	1
456	2
455	2
454	1
453	3
452	3
451	2
450	1
449	3
448	1
447	1
446	2
445	2
444	3
443	3
442	2
441	1
440	3
439	3
438	2
437	2
436	1
435	3
434	2
433	2
432	4
431	1
430	2
429	4
428	2
427	2
426	1
425	1
424	1
423	1
422	1
420	1
419	3
418	2
417	1
416	2
415	7
414	3
413	1
412	3
411	2
410	1
409	3
408	2
407	3
406	1
405	2
404	3
403	1
402	1
401	5
400	2
399	2
398	1
397	1
393	1
392	2
391	2
390	2
389	4
386	1
385	3
384	1
383	3
382	2
381	1
380	1
378	2
377	3
376	2
375	1
374	3
373	1
372	3
371	1
370	4
369	3
367	1
366	1
364	3
363	4
362	1
361	1
360	3
359	1
358	2
357	2
356	2
355	1
354	2
353	2
352	3
351	1
350	1
349	5
348	6
347	4
346	1
344	3
343	1
342	2
340	5
339	1
337	2
336	1
335	3
332	2
331	4
330	2
329	1
328	1
327	5
326	3
325	1
324	1
323	4
322	3
320	1
319	3
318	1
317	5
316	3
315	4
314	1
313	4
311	1
310	3
307	3
306	2
305	3
304	4
303	1
302	2
301	4
300	1
299	2
298	4
297	5
296	2
295	2
294	2
293	1
292	3
291	1
290	3
289	3
288	2
287	1
286	2
285	3
283	3
281	2
280	5
279	4
278	1
277	3
276	3
275	1
274	3
273	2
272	3
270	1
269	1
268	2
267	4
266	2
265	3
264	3
263	1
262	3
261	1
260	3
259	1
258	2
257	4
256	1
254	2
253	4
251	2
249	1
248	3
246	2
245	3
244	2
242	1
241	2
240	2
239	2
237	5
236	2
234	1
233	2
232	2
230	1
229	3
228	5
227	3
226	2
225	2
224	3
223	1
222	1
221	2
220	3
218	2
217	2
216	2
215	2
214	3
213	3
212	1
211	1
210	1
208	1
207	1
206	1
205	3
204	5
203	1
202	2
201	5
200	1
199	1
198	2
196	3
195	8
194	3
193	4
192	2
191	3
190	1
189	3
187	2
186	1
185	1
184	2
183	1
182	1
181	2
180	1
179	4
178	1
177	1
176	2
174	2
173	2
172	1
171	3
169	2
167	2
166	1
165	4
164	3
162	1
161	1
158	1
157	2
156	1
155	1
154	1
153	1
152	2
151	2
150	1
149	2
148	1
147	3
146	2
145	3
144	2
143	3
142	1
140	1
139	3
138	2
137	1
136	1
135	2
134	3
133	2
132	4
131	1
130	1
129	2
126	1
125	3
123	1
122	6
121	5
120	3
119	1
117	3
116	1
115	4
114	3
112	6
111	2
110	2
109	5
108	1
107	2
106	2
105	2
103	1
101	3
100	2
99	3
98	1
97	3
96	2
95	2
94	2
93	4
92	2
91	2
90	5
89	1
88	2
87	1
85	3
84	5
82	3
81	2
80	2
78	1
77	4
76	3
75	2
