101
200
140	6
139	7
138	7
137	7
136	12
135	5
134	11
133	4
132	6
131	8
130	5
129	8
128	11
127	6
126	9
125	7
124	2
123	5
122	8
121	6
120	8
119	7
118	5
117	10
116	5
115	8
114	13
113	5
112	11
111	13
110	10
109	7
108	11
107	9
106	11
105	10
104	8
103	11
102	6
101	9
100	8
99	7
98	10
97	10
96	3
95	10
94	2
93	7
92	8
91	7
90	13
89	3
88	9
87	9
86	9
85	10
84	5
83	8
82	10
81	4
80	7
79	8
78	4
77	10
76	8
75	5
74	4
73	3
72	11
71	11
70	5
69	5
68	6
67	6
66	3
65	3
64	7
63	8
62	11
61	4
60	5
59	5
58	5
57	9
56	7
55	6
54	8
53	12
52	10
51	7
50	6
49	9
48	9
47	4
46	9
45	7
44	9
43	10
42	5
41	7
40	3
