220
750
600	3
599	2
596	2
594	2
591	1
589	1
588	2
587	1
576	1
574	1
573	1
568	2
567	1
566	2
564	1
563	1
560	1
558	1
556	3
554	1
552	1
551	1
550	1
548	1
546	2
540	1
537	1
536	1
534	1
532	1
531	2
528	3
526	1
525	1
522	1
521	1
519	1
518	1
517	1
516	1
515	1
513	1
511	1
509	1
508	1
506	1
504	1
503	1
502	1
500	1
499	1
497	3
495	2
492	1
486	1
485	1
484	1
483	1
481	1
478	2
476	3
475	1
473	4
468	1
465	1
463	1
462	1
461	1
460	2
459	1
455	2
453	4
448	1
446	2
445	1
444	1
443	1
441	1
439	2
437	1
435	2
432	1
428	1
426	1
425	1
421	1
417	1
416	1
415	2
412	1
411	1
410	2
409	3
406	1
404	2
401	1
399	1
398	2
396	2
395	1
393	1
391	3
390	3
387	2
385	1
384	1
383	1
381	1
378	1
375	2
374	1
373	1
372	1
371	1
366	1
365	2
364	1
363	2
362	1
359	1
358	1
356	1
352	1
351	2
348	2
345	1
342	2
341	1
337	1
335	1
334	1
331	1
328	4
326	2
323	2
319	1
317	2
311	1
310	1
309	5
308	2
307	1
306	1
305	1
301	1
300	2
298	2
295	1
293	1
290	1
289	1
288	2
283	1
279	1
277	1
273	1
270	1
268	2
267	1
266	2
265	1
262	1
260	3
259	1
258	1
254	1
253	1
252	3
251	1
250	1
245	1
243	1
240	1
238	2
234	1
232	3
231	1
230	2
226	1
225	1
224	1
223	2
222	1
221	1
220	1
219	1
215	1
212	1
211	1
209	2
208	1
206	1
203	1
201	1
196	1
195	1
194	1
190	1
189	1
186	1
184	2
183	1
182	1
181	2
178	1
177	1
175	1
174	1
173	1
172	3
171	1
170	1
168	1
165	1
164	1
160	1
156	1
153	1
152	2
150	1
