237
1000
799	1
798	2
796	2
795	1
794	1
787	2
786	1
785	2
781	1
775	1
767	1
765	1
763	1
762	1
759	1
754	1
753	1
742	2
741	2
738	1
734	1
726	1
724	1
722	1
721	2
715	1
714	1
710	2
707	1
705	1
702	1
700	1
695	1
694	2
693	2
692	1
689	1
688	2
681	1
680	2
679	1
676	2
675	1
672	1
667	2
651	1
648	3
647	1
645	1
644	2
638	1
636	1
632	1
628	1
627	1
621	1
619	1
617	1
616	2
614	1
611	1
608	1
604	1
603	1
597	1
594	1
589	1
584	1
582	1
579	1
577	1
574	1
573	1
568	1
567	1
566	1
565	1
563	1
561	2
556	2
555	2
552	1
548	1
547	1
546	1
543	2
541	2
536	2
535	1
534	1
533	1
531	1
527	1
525	1
519	1
517	1
515	1
514	2
512	1
511	1
507	2
504	1
502	1
501	1
499	1
497	1
496	2
493	1
489	1
484	1
480	1
468	2
457	1
450	1
446	1
439	1
430	1
429	2
425	1
424	2
423	3
417	1
413	1
412	1
401	1
400	1
399	1
398	1
396	1
395	1
388	1
387	1
386	1
385	1
381	1
380	2
374	1
369	1
365	1
358	1
352	1
351	1
345	1
343	1
342	2
340	1
337	1
336	3
335	1
332	1
328	1
326	1
325	1
323	1
321	4
320	1
319	2
318	1
317	1
315	1
314	1
308	1
306	1
305	1
303	1
301	2
300	1
297	1
296	1
293	1
291	2
288	1
286	1
283	1
281	2
272	2
271	2
270	1
265	1
260	1
259	2
257	1
255	1
252	1
250	2
246	1
245	1
243	2
235	1
228	2
227	1
223	1
222	1
219	2
218	1
213	1
205	1
204	1
203	1
199	2
198	1
192	2
187	2
183	2
180	1
179	1
177	2
175	1
174	1
171	3
168	1
166	1
162	1
161	1
158	1
156	2
155	2
154	1
152	1
147	1
146	1
144	1
138	2
130	1
128	1
127	1
122	1
121	3
119	1
115	1
114	1
111	1
108	1
107	2
106	1
105	1
103	1
