153
750
524	1
522	2
521	2
515	1
511	1
508	1
504	1
500	1
499	1
498	1
497	2
493	1
491	2
487	1
483	1
481	1
479	2
478	3
477	1
473	1
467	2
465	1
464	1
462	1
460	1
458	3
457	2
456	1
455	1
454	1
453	1
451	2
438	1
436	2
435	1
434	1
433	1
430	1
429	1
427	2
426	1
424	2
423	2
422	1
421	1
417	1
415	1
412	2
407	1
404	1
403	1
399	2
396	2
395	1
392	2
386	1
385	1
384	1
383	2
381	1
380	1
379	1
378	2
376	1
374	2
369	1
366	2
363	1
357	2
356	1
355	1
353	1
345	2
338	2
336	2
328	1
326	1
324	1
323	1
322	2
321	2
313	1
312	2
311	1
308	1
304	1
301	1
297	2
296	1
293	1
292	1
290	1
289	1
288	1
287	1
286	1
278	1
276	1
273	1
270	2
269	2
268	1
266	1
265	1
257	2
254	1
253	1
252	1
251	1
250	2
249	2
248	1
246	1
243	2
237	1
230	1
229	1
228	1
226	2
225	1
224	1
222	1
221	1
218	1
214	4
213	1
212	1
206	1
200	3
199	1
198	1
195	2
193	1
190	1
187	1
184	1
181	1
180	1
179	1
177	1
176	2
175	1
172	1
169	1
167	1
166	1
162	1
160	1
158	1
156	1
155	1
154	2
153	1
