195
300
240	2
239	2
238	3
237	5
236	2
234	2
233	2
232	2
231	2
230	2
229	2
228	1
227	6
226	3
225	3
224	1
223	3
222	1
221	4
220	2
219	4
217	5
216	2
215	4
214	2
213	5
211	3
210	1
209	1
208	2
207	2
206	5
205	4
204	2
203	3
202	4
201	3
200	2
199	2
198	2
197	2
196	2
195	1
194	4
193	3
192	1
191	1
190	4
189	3
188	1
187	3
186	4
185	3
184	4
183	3
182	5
181	4
180	3
179	5
178	1
177	1
176	4
175	3
174	6
173	3
172	1
171	3
170	1
169	2
168	5
167	4
166	3
165	2
163	1
162	1
161	2
160	2
159	3
158	1
157	1
156	4
155	1
154	3
153	2
152	2
151	1
150	3
149	1
148	2
147	1
146	4
145	3
144	1
143	1
142	3
141	3
140	3
139	3
138	1
136	3
135	1
134	4
132	2
131	6
130	3
129	4
128	1
127	2
126	6
125	3
124	2
123	2
122	2
121	1
120	2
119	1
118	3
117	2
116	3
115	3
114	5
113	4
111	2
110	3
108	1
106	1
105	2
103	2
102	2
101	6
98	3
97	3
96	2
95	2
94	2
93	2
92	1
91	3
90	3
89	4
88	2
87	2
86	1
85	1
84	2
83	3
82	6
81	1
80	2
79	2
78	1
77	5
76	2
75	1
74	2
73	7
72	2
71	1
70	1
68	3
67	3
66	3
65	1
64	2
63	2
62	3
61	3
60	1
59	1
58	1
57	1
55	2
54	3
53	7
52	4
51	3
50	2
49	2
48	4
46	3
45	4
44	2
43	5
42	4
41	3
40	3
39	2
38	1
37	2
36	2
35	2
33	1
32	2
31	2
30	2
