169
750
598	1
595	1
591	1
588	2
585	2
583	1
578	1
571	1
570	1
569	1
566	2
565	1
563	1
560	2
559	1
556	1
551	1
550	1
545	2
541	1
540	1
539	1
535	1
531	1
527	1
526	1
525	1
524	1
516	1
513	1
512	2
511	1
510	1
509	1
507	1
503	1
498	1
496	2
492	1
485	1
483	2
477	1
472	1
469	1
465	2
460	3
452	1
449	1
447	1
443	1
438	1
427	1
421	1
415	1
409	1
396	2
395	1
394	1
392	1
391	1
390	1
388	1
386	1
385	1
384	1
382	2
373	1
367	1
364	1
363	1
358	1
357	1
356	1
351	1
349	1
348	1
345	1
344	1
332	2
330	1
328	1
324	1
316	2
314	1
310	1
301	1
299	1
296	1
295	1
292	1
285	1
284	1
281	2
279	1
278	1
277	2
276	1
274	1
273	1
268	1
267	1
265	1
261	1
259	1
258	1
255	3
248	1
246	1
244	1
243	1
242	1
240	2
238	2
236	1
234	1
232	1
230	1
225	1
223	1
219	2
217	1
213	1
212	2
206	2
204	1
195	1
194	1
186	2
185	1
184	1
180	1
175	1
170	1
169	1
168	2
164	1
163	1
154	1
150	1
144	1
142	1
141	1
140	1
138	1
136	1
135	1
132	1
129	1
124	1
122	1
118	1
117	1
116	1
114	1
112	1
110	2
108	1
104	1
97	1
96	1
93	1
90	1
88	1
87	1
86	1
85	2
84	2
82	2
78	2
