194
400
280	2
279	5
278	4
277	2
275	1
274	2
273	2
272	6
271	5
270	6
269	4
268	2
267	3
266	3
265	3
264	4
263	5
262	9
261	7
260	3
259	3
258	1
257	5
256	1
255	2
254	4
253	8
252	5
251	5
249	5
248	1
247	6
246	3
244	4
243	5
242	7
241	2
240	4
239	3
237	4
236	2
235	1
234	4
233	5
232	2
231	10
230	1
229	3
228	5
227	6
226	6
225	4
224	2
223	5
222	4
221	8
220	2
219	3
218	3
217	4
216	2
215	4
214	3
213	2
212	5
211	1
210	3
209	10
208	1
207	4
206	1
205	2
204	4
203	3
202	5
201	6
200	2
199	3
198	1
197	4
195	4
194	3
193	3
192	3
191	7
190	3
189	2
188	2
187	4
186	1
185	5
184	6
183	3
182	3
181	5
180	5
179	2
178	1
177	4
176	6
175	5
174	5
173	4
172	4
171	3
170	6
169	1
168	6
167	2
166	6
165	2
164	3
163	4
162	4
161	4
160	6
159	5
158	4
157	1
155	5
154	4
153	3
152	2
151	5
150	6
149	1
148	4
147	2
146	1
145	2
144	5
143	4
142	5
141	2
140	3
139	1
138	7
137	4
136	3
135	3
134	4
133	5
132	6
131	4
130	2
129	1
128	3
127	5
126	2
125	4
124	2
123	4
122	7
121	2
120	2
119	7
118	3
117	4
116	5
115	10
114	1
113	11
112	3
111	5
109	3
108	5
107	5
106	2
105	6
104	5
103	4
102	4
101	2
100	4
99	6
98	3
97	1
96	4
95	1
94	4
93	4
92	4
91	4
90	4
89	5
88	6
87	6
86	3
85	5
84	8
83	4
82	3
81	10
80	2
