127
200
160	4
159	1
158	4
157	3
156	2
155	6
154	4
153	2
152	4
151	1
150	2
149	3
148	3
147	3
146	2
144	4
143	5
142	1
141	4
139	2
138	2
137	4
136	3
134	6
133	2
131	1
130	2
129	6
128	2
127	6
125	4
124	6
123	2
122	1
121	7
120	4
119	3
118	2
117	2
116	3
114	4
113	4
112	2
111	3
110	1
109	1
108	3
107	3
106	3
105	3
104	1
102	3
101	6
100	3
99	5
98	5
97	2
96	1
95	6
93	2
92	6
91	3
90	1
89	3
88	2
87	2
85	2
84	3
83	5
82	5
81	2
80	2
79	2
78	4
77	3
76	4
75	2
74	4
73	2
72	3
71	2
70	4
67	1
66	2
65	3
64	7
63	1
62	6
60	2
59	3
57	8
56	6
55	4
54	2
53	2
52	3
51	3
50	4
49	5
48	3
47	3
46	4
45	4
44	1
43	5
42	4
41	3
40	2
39	3
38	4
37	5
36	6
35	4
34	2
32	2
31	2
30	2
29	4
28	6
27	2
26	2
25	2
24	1
23	3
22	2
21	1
20	1
