238
400
280	5
279	5
278	3
277	5
276	7
275	3
274	13
273	1
272	2
271	7
270	3
269	2
268	4
267	6
266	4
265	10
264	4
263	4
262	8
261	8
260	7
259	6
257	3
256	2
255	2
254	2
253	3
252	5
251	2
250	4
249	3
248	2
247	4
246	7
245	1
244	6
243	7
242	2
241	3
240	4
239	3
238	2
237	6
236	4
235	2
234	4
233	4
232	7
231	3
230	6
229	5
228	4
227	6
226	5
225	7
224	3
223	1
222	4
221	6
220	8
219	2
218	5
217	4
216	4
215	3
214	5
213	3
212	5
211	3
210	3
209	1
208	3
207	4
206	3
205	8
204	3
203	3
202	4
201	1
200	3
199	8
198	3
197	5
196	3
195	5
194	5
193	3
192	9
191	4
190	2
189	4
188	8
187	5
186	3
185	6
184	1
183	2
182	3
181	2
180	3
179	3
178	4
177	11
176	4
175	6
174	9
173	1
172	7
171	4
170	3
169	1
168	6
167	3
166	3
165	2
164	4
163	5
162	5
161	3
160	2
159	4
158	6
157	3
156	3
155	4
154	5
153	3
152	3
151	8
149	2
148	3
147	7
146	8
145	2
144	3
143	3
142	1
141	3
140	4
139	3
138	2
137	6
136	2
135	2
134	4
133	7
132	5
131	2
130	2
129	5
128	2
127	4
126	5
125	4
124	9
123	3
122	5
121	2
120	6
119	2
118	4
117	5
116	5
115	3
114	6
113	5
112	3
111	6
110	3
109	4
108	5
107	4
106	2
105	7
104	3
103	2
102	4
101	6
100	2
99	2
98	4
97	2
96	3
95	4
94	3
93	3
92	2
91	2
90	2
89	4
88	5
87	9
86	5
85	3
84	5
82	4
81	3
80	8
79	2
78	6
77	6
76	7
75	4
74	3
73	6
72	4
71	3
70	3
69	4
68	4
67	4
66	5
65	8
64	8
63	3
62	2
61	3
60	2
59	6
58	1
57	4
56	5
55	6
54	8
53	3
52	4
51	8
50	8
49	5
48	5
47	2
46	5
45	3
44	3
43	4
42	4
41	6
40	5
