181
300
210	3
209	5
208	7
207	5
206	2
205	5
204	5
203	8
202	7
201	4
200	8
199	8
198	7
197	5
196	6
195	7
194	7
193	1
192	2
191	5
190	5
189	7
188	4
187	5
186	10
185	4
184	2
183	7
182	3
181	8
180	2
179	7
178	12
177	9
176	7
175	4
174	6
173	5
172	4
171	3
170	3
169	5
168	1
167	6
166	6
165	4
164	7
163	5
162	5
161	4
160	6
159	4
158	7
157	7
156	5
155	4
154	1
153	4
152	7
151	5
150	4
149	3
148	4
147	3
146	7
145	4
144	6
143	6
142	1
141	6
140	3
139	2
138	5
137	1
136	10
135	5
134	3
133	10
132	8
131	8
130	7
129	5
128	1
127	3
126	5
125	2
124	6
123	3
122	3
121	4
120	9
119	5
118	5
117	5
116	4
115	4
114	9
113	6
112	4
111	5
110	9
109	7
108	7
107	4
106	4
105	11
104	5
103	6
102	10
101	4
100	7
99	9
98	3
97	11
96	8
95	9
94	2
93	2
92	7
91	8
90	4
89	5
88	6
87	4
86	11
85	6
84	6
83	6
82	3
81	5
80	4
79	6
78	6
77	9
76	6
75	7
74	6
73	10
72	6
71	9
70	6
69	8
68	4
67	5
66	9
65	8
64	4
63	4
62	6
61	8
60	3
59	5
58	8
57	6
56	4
55	10
54	3
53	7
52	5
51	5
50	7
49	7
48	2
47	5
46	4
45	2
44	3
43	5
42	5
41	7
40	8
39	3
38	7
37	5
36	5
35	6
34	9
33	5
32	3
31	5
30	10
