300
750
525	1
524	1
523	1
520	2
518	3
517	3
516	1
514	1
513	3
512	1
511	1
510	1
506	1
505	1
504	2
502	1
501	1
500	1
499	1
498	1
497	1
496	1
495	1
492	2
491	1
490	2
488	1
487	1
486	1
485	2
484	2
483	1
480	2
479	1
478	2
477	3
475	3
474	1
473	2
470	1
469	2
468	2
466	1
465	1
464	2
463	1
462	2
459	1
458	1
457	2
456	2
455	1
454	2
453	3
452	1
451	3
449	1
447	1
445	2
444	3
443	1
442	5
441	1
440	1
439	1
437	2
436	1
435	1
434	1
432	1
430	1
429	3
428	1
425	3
423	1
422	3
420	1
418	1
416	1
414	1
413	3
412	3
409	1
408	3
407	1
406	2
405	1
404	4
402	1
401	3
400	2
399	1
398	1
396	3
395	1
394	2
393	1
392	1
391	2
390	1
389	3
387	1
383	1
381	1
379	2
377	1
376	1
375	1
371	1
370	1
368	1
367	2
365	2
362	1
361	2
360	1
356	2
355	2
354	3
353	1
352	1
350	1
349	1
348	1
347	1
346	2
342	2
341	2
338	1
337	2
332	1
330	1
329	4
328	4
326	1
324	2
322	1
318	1
317	2
316	1
315	1
314	2
312	2
311	1
310	1
309	1
306	1
305	1
302	2
301	2
300	1
299	1
298	1
297	4
296	4
295	1
294	4
293	1
292	1
290	2
289	1
287	1
286	3
283	2
281	1
280	1
278	3
277	2
276	1
274	2
273	1
272	1
271	2
270	1
269	2
268	4
266	1
265	1
264	1
263	2
262	1
260	1
259	1
258	1
257	1
256	2
255	1
252	2
249	2
248	1
246	2
245	1
242	1
241	1
239	3
237	1
235	2
234	1
232	2
230	1
227	2
226	1
225	4
223	1
222	1
221	1
217	2
213	4
211	1
210	3
208	1
207	2
206	1
205	3
202	2
201	1
200	1
199	1
197	3
195	3
194	1
193	1
192	2
188	2
187	1
185	1
183	1
182	2
181	2
180	2
179	2
178	1
177	3
175	3
174	1
173	2
171	1
168	3
167	2
166	3
165	1
162	1
161	1
160	2
159	1
157	1
155	2
154	1
153	3
150	1
146	1
142	1
141	4
140	4
139	1
137	1
136	2
133	2
130	5
129	2
128	1
127	4
126	3
124	2
123	1
122	2
120	1
117	1
116	3
115	2
113	2
111	1
110	2
109	1
107	1
106	1
105	3
104	2
103	1
101	2
100	3
99	1
98	1
97	1
96	2
95	2
94	1
93	2
92	1
91	1
90	2
88	1
87	1
86	2
85	1
84	4
83	1
82	2
79	1
75	5
