197
750
524	1
522	2
521	4
520	1
518	1
517	2
516	1
515	1
509	1
508	1
503	1
502	1
501	2
499	1
498	3
497	3
493	1
490	2
487	1
486	2
481	2
480	1
477	3
475	2
473	1
472	1
471	1
469	1
464	2
463	1
462	1
461	2
459	1
458	1
457	1
456	1
455	1
454	2
451	1
450	2
449	2
448	1
446	2
445	2
444	2
441	1
440	1
439	1
437	1
435	1
433	1
432	1
429	1
428	2
426	1
424	1
421	1
418	3
417	1
416	2
415	2
413	2
411	2
410	2
407	1
406	2
405	1
404	2
402	3
398	2
396	1
395	2
393	2
391	1
390	2
389	1
388	3
387	3
384	2
383	3
382	1
381	1
379	1
377	1
374	2
371	1
370	4
366	1
362	1
361	2
360	5
356	3
354	1
351	2
350	3
349	1
346	1
345	1
342	2
339	2
338	1
335	2
333	2
332	1
330	2
329	1
328	2
327	1
326	2
325	1
317	2
316	1
315	3
311	1
310	1
309	1
308	1
307	2
306	3
305	1
304	1
299	1
298	1
293	2
292	1
291	2
288	1
284	1
283	1
282	1
279	1
278	1
277	2
276	1
274	1
273	2
272	2
271	1
265	2
263	3
260	4
258	2
257	2
255	2
254	2
248	1
247	1
246	1
245	1
242	1
241	1
238	1
237	1
236	2
234	1
232	2
230	1
229	2
227	1
224	1
222	2
221	2
220	2
213	1
210	1
209	1
207	2
205	1
203	2
199	1
198	1
197	1
194	1
192	1
191	1
189	1
188	1
186	3
182	1
180	1
178	1
176	2
174	1
173	1
172	1
171	1
169	1
165	1
164	1
163	2
159	2
157	1
155	1
154	1
153	1
151	2
150	1
