121
200
160	10
159	14
158	7
157	6
156	3
155	5
154	2
153	11
152	11
151	6
150	8
149	12
148	7
147	8
146	6
145	8
144	15
143	11
142	10
141	9
140	9
139	10
138	8
137	4
136	4
135	5
134	8
133	3
132	4
131	8
130	9
129	10
128	8
127	9
126	8
125	7
124	4
123	10
122	8
121	4
120	9
119	8
118	10
117	8
116	13
115	8
114	10
113	7
112	5
111	9
110	8
109	4
108	9
107	11
106	5
105	1
104	6
103	8
102	7
101	7
100	8
99	12
98	6
97	8
96	8
95	11
94	7
93	9
92	7
91	10
90	11
89	4
88	6
87	11
86	12
85	10
84	12
83	13
82	9
81	12
80	6
79	6
78	15
77	10
76	9
75	7
74	5
73	8
72	2
71	10
70	11
69	6
68	6
67	8
66	10
65	12
64	10
63	5
62	13
61	8
60	6
59	11
58	6
57	10
56	9
55	16
54	14
53	9
52	8
51	8
50	7
49	7
48	9
47	10
46	12
45	10
44	10
43	8
42	8
41	1
40	6
