253
500
400	3
399	2
397	1
396	2
395	4
393	1
392	2
391	1
390	4
389	3
386	3
384	1
383	4
381	1
380	4
379	4
378	1
377	3
376	1
375	1
374	2
373	2
372	3
371	2
370	2
369	2
368	2
367	1
366	1
364	5
363	3
360	2
359	1
358	4
356	2
355	2
354	2
353	1
352	1
351	1
349	2
348	1
347	2
346	4
344	1
343	2
342	2
341	4
340	3
339	2
338	1
337	1
336	1
334	2
333	2
332	3
331	1
330	2
328	2
327	2
326	1
325	1
323	1
322	2
321	4
319	1
318	4
316	2
315	1
314	2
313	3
312	4
311	1
310	3
309	1
308	1
307	5
306	1
305	2
304	2
303	1
301	1
300	2
299	1
298	2
297	1
296	2
295	2
294	2
293	1
292	2
291	1
290	2
289	2
288	1
287	2
286	1
285	2
284	3
282	1
281	4
280	1
279	3
278	1
277	1
276	3
275	2
274	2
272	3
271	1
270	1
269	2
268	2
267	3
266	3
265	2
264	3
263	1
262	1
261	3
260	2
259	1
258	1
257	3
255	9
254	1
253	2
252	2
251	3
250	3
249	1
247	2
246	1
245	2
244	3
243	1
242	2
241	2
240	2
239	1
238	3
237	2
236	1
234	1
233	2
232	2
231	2
230	2
229	1
227	2
226	1
224	1
223	3
222	1
221	3
220	3
219	3
218	2
217	1
216	1
215	2
214	2
213	2
211	2
210	2
209	4
208	1
207	1
206	2
205	1
204	1
203	1
202	2
201	4
200	1
199	3
196	3
195	2
194	1
191	1
190	1
189	1
187	1
186	4
184	3
183	1
182	2
181	3
180	1
179	3
178	2
177	1
176	3
174	2
173	4
172	1
171	1
170	1
169	2
168	1
167	3
165	3
164	1
163	1
162	2
161	2
160	2
159	1
158	1
157	1
156	4
154	2
153	3
152	4
150	3
148	1
146	1
145	1
144	5
143	1
142	1
140	3
139	1
138	2
136	2
135	3
134	4
133	1
132	1
131	2
130	2
129	1
128	3
127	1
125	1
123	1
122	1
121	2
120	1
119	1
117	1
115	1
113	1
112	3
111	1
110	2
109	1
107	3
106	4
105	2
104	1
102	3
101	1
