180
300
240	3
239	4
238	4
237	4
236	5
235	1
234	5
233	2
232	4
231	5
230	2
229	5
228	1
227	3
226	5
225	2
224	3
223	3
222	9
221	4
220	2
219	3
218	3
217	9
216	8
215	3
214	4
213	4
212	3
211	4
210	1
209	3
208	5
207	6
206	2
205	1
204	4
203	3
202	2
201	3
200	3
199	3
198	4
197	5
196	7
195	5
193	1
192	3
191	8
190	3
189	9
188	6
187	4
186	1
185	11
184	4
183	3
182	2
181	2
180	6
179	4
178	8
177	6
176	1
175	5
174	8
173	5
172	5
171	6
170	5
169	3
168	4
167	3
166	4
165	7
164	4
163	4
162	2
161	1
160	8
159	2
158	5
157	8
156	4
155	4
154	4
153	5
152	7
151	8
150	3
149	6
148	6
147	8
146	5
145	8
144	5
143	3
142	2
141	2
140	4
139	1
138	5
137	1
136	5
135	5
134	8
133	3
132	1
131	2
130	1
129	3
128	8
127	2
126	4
125	3
124	3
123	3
122	4
121	3
120	7
119	6
118	6
117	4
116	3
115	2
114	5
113	3
112	1
111	3
110	5
109	7
108	2
107	5
106	4
105	3
104	8
103	3
102	4
101	3
100	5
99	4
98	3
97	2
96	3
95	3
94	8
93	2
92	3
91	3
90	6
89	5
88	6
87	9
86	3
85	1
84	4
83	2
82	1
81	3
80	2
79	4
78	3
77	5
76	6
75	8
74	5
73	6
72	8
71	8
70	3
69	7
68	4
67	7
66	2
65	3
64	3
63	5
62	4
61	2
60	1
