385
1000
700	3
699	1
698	1
697	2
696	1
695	2
694	2
691	2
688	1
686	1
685	2
684	1
683	3
682	2
680	1
679	2
678	1
676	4
675	1
674	1
673	3
671	1
670	1
668	2
666	1
665	1
664	2
662	2
660	1
659	3
657	2
656	1
655	3
654	1
653	1
652	1
651	1
650	3
647	1
646	3
645	3
644	2
643	5
641	1
640	3
639	1
637	1
635	1
633	1
632	3
631	2
630	1
629	3
628	1
627	2
626	2
625	1
624	1
623	1
622	1
621	1
620	2
617	2
616	1
615	1
614	1
613	2
612	1
611	3
610	1
609	1
608	2
607	1
606	3
605	2
604	3
600	2
598	3
597	1
596	2
594	1
592	1
591	2
590	1
589	3
588	3
587	4
586	2
585	2
584	1
583	2
582	3
581	1
579	1
578	2
576	2
575	1
573	2
572	4
571	1
570	1
568	2
567	1
566	3
565	2
563	2
562	6
561	3
560	2
559	3
558	2
557	2
556	3
555	2
554	2
553	4
552	1
551	4
550	1
549	2
548	1
547	1
545	2
544	3
543	1
542	2
541	1
538	1
537	5
536	2
535	2
534	4
532	1
531	1
530	1
529	2
528	2
527	2
526	1
525	1
524	3
523	2
522	1
521	4
520	3
519	3
518	1
517	1
516	3
515	2
514	5
513	2
512	3
510	2
509	4
508	2
506	1
505	3
504	1
503	1
502	1
501	2
500	4
499	4
498	1
497	1
495	1
493	1
492	3
490	1
489	3
488	1
486	4
485	3
484	2
482	3
481	4
480	1
479	1
477	1
474	1
471	2
469	1
468	3
467	1
464	2
463	1
462	2
461	3
460	2
458	1
457	4
456	2
453	1
452	3
451	2
450	1
449	3
448	1
447	1
446	3
445	1
444	6
443	2
442	2
441	1
440	5
439	1
436	2
434	2
432	2
431	4
430	3
429	3
427	3
426	7
424	3
423	3
422	3
421	1
420	1
419	2
418	4
417	2
416	2
415	2
414	3
413	1
412	2
411	1
410	2
409	1
406	2
405	2
403	2
402	1
401	1
400	2
399	2
397	2
396	2
394	4
393	4
392	2
391	1
388	4
387	2
386	2
385	1
384	1
383	1
382	2
379	1
377	1
376	1
375	2
374	3
373	2
372	2
371	1
370	1
369	5
368	1
367	1
366	4
365	3
364	1
363	3
362	3
361	2
360	1
359	2
358	3
354	1
353	3
349	1
348	4
347	2
346	1
345	2
343	2
342	1
341	1
339	3
338	2
335	2
334	1
332	1
331	2
325	1
324	1
323	2
322	2
321	2
319	2
317	4
315	2
314	1
313	2
312	1
311	3
310	3
307	1
306	2
305	2
303	1
302	1
301	2
299	2
297	1
296	2
293	1
292	1
290	1
289	3
288	2
287	2
286	1
284	3
282	2
280	1
279	2
278	2
277	1
276	4
275	1
274	2
272	2
271	1
269	1
268	1
266	3
265	2
264	3
263	1
262	5
261	2
260	1
259	2
258	1
257	2
255	1
254	2
253	1
252	3
251	2
250	2
249	1
248	4
247	3
246	2
245	1
243	3
242	1
238	1
237	1
236	1
235	1
233	3
232	2
231	1
228	4
227	2
226	1
225	1
224	2
223	2
222	1
219	2
218	2
217	2
216	1
214	2
213	1
212	1
211	1
210	3
209	1
208	1
207	2
206	1
204	1
203	2
202	1
200	1
