133
500
348	1
347	1
346	1
344	2
343	1
342	2
341	2
338	2
337	2
333	2
332	3
331	1
330	1
329	1
328	1
327	2
326	1
325	1
324	2
322	3
321	1
319	1
318	1
315	2
314	1
313	1
312	1
310	2
309	1
308	1
305	2
303	2
302	1
301	1
298	1
296	2
292	1
290	4
288	1
286	2
285	2
284	2
283	1
281	1
280	1
279	2
277	2
276	2
274	1
273	1
272	1
269	1
267	1
264	2
259	2
257	2
256	1
255	1
251	1
250	1
248	1
241	3
240	2
238	1
235	2
233	2
229	2
228	2
224	1
223	1
222	2
221	1
220	3
214	1
213	1
212	2
209	2
208	1
207	3
205	2
200	1
197	1
191	3
188	1
187	1
186	3
185	1
184	1
183	1
182	1
181	1
180	2
179	1
176	1
174	2
172	2
171	2
170	1
168	1
166	1
159	2
157	1
156	3
155	1
150	3
149	1
147	1
146	1
145	1
144	1
142	1
141	2
140	1
139	1
135	2
134	2
133	1
130	2
127	1
126	1
124	1
119	2
115	1
112	1
110	2
109	2
108	1
107	2
105	3
104	1
102	1
101	1
100	1
