118
200
140	4
139	2
138	3
137	6
136	3
135	5
134	3
133	2
132	1
131	5
130	3
129	4
128	1
127	4
126	1
125	3
124	2
123	1
122	4
121	6
120	2
119	3
118	3
117	1
116	1
115	4
114	4
113	4
112	5
111	4
110	3
109	3
108	5
106	1
105	7
104	1
103	1
102	2
101	9
100	5
99	4
98	1
97	2
96	1
95	2
94	4
93	5
92	4
91	8
90	2
89	1
88	4
87	5
86	2
85	3
84	2
83	1
82	4
81	1
80	1
79	1
78	2
77	5
76	2
75	5
74	6
73	4
71	2
70	4
69	1
68	8
67	7
66	3
65	3
64	4
63	3
61	3
60	1
59	2
58	5
57	4
56	4
55	4
54	5
53	4
52	5
51	4
50	4
49	3
48	2
47	4
46	5
45	3
44	2
43	2
42	3
41	3
40	4
39	4
38	2
37	3
36	2
35	3
34	3
33	5
32	5
31	1
30	4
29	6
28	4
27	8
26	6
25	2
24	6
23	1
22	1
21	3
20	7
