330
500
400	4
399	3
398	3
397	2
396	1
395	2
394	3
393	2
392	3
391	2
390	4
389	5
388	1
387	5
386	3
384	1
383	2
382	3
381	4
380	3
379	3
378	7
377	1
376	4
375	3
374	2
373	1
372	3
371	3
370	5
369	2
368	2
367	2
366	1
365	3
364	2
363	4
362	3
361	5
360	4
359	1
358	1
357	2
355	6
354	1
353	1
351	6
349	5
348	6
346	1
345	1
344	4
343	4
342	7
341	4
340	4
339	5
338	1
337	3
336	3
335	3
334	4
332	3
331	6
330	1
329	3
328	2
327	6
326	4
325	1
324	2
323	4
322	2
321	3
320	4
319	1
318	5
317	1
316	2
315	2
314	2
313	4
312	3
311	5
308	1
307	2
306	3
305	2
304	1
303	2
302	1
300	2
299	5
298	2
297	2
296	3
295	1
294	2
293	4
292	3
291	3
290	4
289	2
288	1
287	2
286	2
285	1
284	4
283	1
282	4
281	1
280	1
279	5
278	6
277	3
276	3
275	4
274	1
273	6
272	4
271	3
270	1
269	6
268	1
267	4
266	4
265	5
264	4
263	1
262	6
261	6
260	5
258	2
257	3
256	4
255	4
254	5
253	3
252	2
251	3
250	5
249	1
248	3
247	3
246	3
245	1
244	2
243	4
242	3
241	7
240	1
238	2
237	2
236	1
235	2
234	6
233	4
232	3
231	1
230	3
229	2
228	2
227	1
226	2
225	5
224	4
223	3
222	1
221	1
220	8
219	3
218	4
217	1
216	2
215	5
214	1
213	4
212	2
211	3
210	6
209	4
208	4
207	1
206	3
205	1
204	3
203	3
201	2
200	3
199	2
198	3
197	2
196	3
195	2
194	3
193	1
192	1
191	2
190	3
189	6
188	5
187	2
186	2
185	2
184	5
183	6
182	3
181	3
180	1
179	3
178	4
177	3
176	3
175	7
173	1
172	5
171	3
170	4
169	4
168	3
167	4
166	4
165	5
164	6
163	2
162	4
161	4
160	4
159	2
158	6
157	4
156	2
155	4
154	3
153	2
151	3
150	1
149	4
148	3
147	7
146	3
145	2
144	2
143	1
142	3
141	3
140	2
138	4
137	3
136	3
135	7
134	3
133	2
132	3
131	4
130	2
128	3
127	1
126	2
125	2
124	3
123	2
122	1
120	5
119	1
118	5
117	1
116	4
115	4
114	3
113	2
112	3
110	6
109	2
108	1
107	3
106	3
105	2
104	3
103	7
102	2
101	4
100	2
99	5
98	2
96	2
95	4
94	3
93	2
92	1
91	4
90	3
89	1
88	3
87	4
86	3
85	4
84	2
83	4
82	3
81	5
80	5
79	7
78	3
77	2
76	1
75	2
74	5
73	2
72	1
71	1
70	6
69	2
68	2
66	1
65	5
64	4
63	2
62	7
61	4
60	2
59	1
58	1
57	4
56	1
55	3
54	2
53	5
52	4
51	3
