172
300
210	9
209	2
208	2
207	3
206	1
205	1
204	4
203	2
202	2
201	2
200	1
199	5
198	6
197	6
194	3
193	3
192	3
191	3
190	3
189	4
188	2
187	6
186	1
185	1
184	1
183	3
182	3
181	2
180	2
179	1
178	7
177	1
176	2
175	3
172	5
171	3
170	3
169	3
168	3
167	3
166	2
165	2
164	3
163	2
162	4
161	8
160	5
159	2
158	3
157	1
156	5
155	5
154	4
153	4
152	2
151	2
150	1
149	3
148	1
147	3
146	3
145	3
144	3
143	1
142	3
141	4
140	3
139	2
138	1
137	3
136	5
135	3
134	1
133	3
132	4
131	5
130	3
129	1
128	3
127	4
126	3
124	3
123	1
122	4
121	1
120	1
119	2
118	3
117	1
116	1
115	3
114	3
113	3
112	3
111	5
110	4
109	7
108	8
107	3
106	2
105	3
104	2
102	2
101	1
99	2
98	2
97	5
96	3
95	4
94	4
93	3
92	3
91	1
90	5
89	2
88	1
87	3
86	1
85	1
83	4
82	2
81	2
80	2
79	2
78	2
77	3
76	5
75	4
74	4
73	5
72	4
71	4
70	1
69	3
68	1
67	1
66	4
65	3
64	3
63	5
62	2
61	4
60	3
59	2
58	2
57	4
56	2
55	1
54	4
53	4
52	3
51	4
50	5
49	5
48	1
47	3
46	1
44	2
43	2
42	3
41	2
40	5
39	1
38	3
37	3
36	1
35	2
34	1
33	5
32	4
31	1
30	2
