541
1000
800	3
799	1
798	1
797	3
796	2
795	1
793	1
792	1
791	2
790	1
789	1
788	1
787	1
786	4
784	3
783	3
782	1
781	2
780	2
779	1
777	3
776	2
774	1
771	1
768	1
766	3
765	2
763	1
762	2
761	1
760	1
759	1
758	2
757	1
756	2
755	2
753	1
752	1
751	2
750	2
749	1
748	1
747	1
746	1
745	2
744	3
743	3
742	2
741	1
740	2
739	4
738	1
737	4
736	3
735	1
734	1
733	2
732	1
730	1
729	2
728	3
727	1
726	1
723	2
722	2
721	1
720	1
719	2
718	1
717	1
716	1
713	3
712	3
711	3
710	1
709	2
708	3
705	2
703	1
702	1
701	3
700	1
699	3
698	2
697	2
694	3
692	1
691	3
690	2
689	3
688	4
687	1
686	2
685	1
683	2
682	4
680	1
679	1
678	3
676	2
673	1
669	4
668	1
666	3
665	2
662	1
661	1
660	1
659	3
658	1
656	3
655	2
653	1
650	2
649	1
648	2
647	1
646	2
644	2
643	2
641	3
640	2
639	2
637	3
635	2
633	2
632	4
631	1
629	2
628	2
627	2
626	1
624	1
623	3
622	1
621	1
620	1
619	1
617	2
616	1
615	2
614	2
611	1
610	2
609	2
608	2
607	3
606	1
605	1
604	1
603	2
602	2
601	2
600	2
599	3
598	2
597	3
596	2
595	1
594	1
593	1
592	2
591	2
589	2
588	5
587	4
586	1
585	2
584	3
583	1
582	2
581	1
580	2
579	2
578	2
577	4
576	2
575	1
574	2
573	2
572	2
571	1
570	1
569	1
568	1
567	1
565	3
564	2
562	2
561	2
559	4
557	3
555	2
552	2
551	1
550	5
549	1
548	1
547	1
546	1
545	3
543	1
542	1
541	4
540	4
539	1
538	1
536	1
535	1
534	1
533	1
532	2
531	3
530	1
529	2
526	4
525	1
523	1
522	1
521	2
520	2
519	5
515	1
514	3
513	2
512	1
511	2
510	1
509	2
508	4
507	2
505	1
504	1
502	1
501	1
500	1
497	3
496	4
495	1
494	1
493	3
492	1
490	6
489	2
486	1
483	3
481	1
479	3
478	1
477	1
475	1
473	2
472	3
471	1
470	4
469	2
468	2
467	2
465	5
464	2
463	3
461	3
460	2
458	1
457	4
456	2
455	3
454	1
453	2
452	2
451	2
449	3
448	1
446	1
444	1
443	3
440	1
439	1
438	1
437	1
436	1
435	2
434	1
433	3
432	2
430	3
429	1
428	2
426	1
425	2
424	2
423	1
422	1
421	2
419	2
417	2
416	3
414	1
413	1
412	2
411	2
410	2
409	4
407	1
406	2
405	2
404	6
403	2
401	3
399	1
398	3
397	3
394	2
393	1
392	2
389	1
388	2
387	4
386	1
385	1
383	2
382	1
381	2
380	3
379	1
378	2
377	1
376	4
374	3
372	1
371	1
370	1
369	1
368	1
367	1
366	4
364	1
363	1
362	2
359	3
358	1
356	2
354	1
353	1
350	1
348	1
347	1
346	2
344	1
343	2
342	3
341	3
340	2
339	3
338	2
336	1
335	1
333	1
332	2
331	1
330	2
328	1
327	2
326	1
325	1
324	2
323	1
322	2
321	3
320	2
318	6
317	1
316	1
315	1
314	1
313	1
312	1
310	2
309	2
308	2
307	1
305	2
304	1
303	2
302	2
301	2
300	1
296	1
295	3
294	1
293	1
292	2
291	1
290	3
289	3
288	2
287	1
284	2
283	1
282	2
281	2
280	1
278	1
277	1
275	2
274	1
270	1
269	1
268	4
267	1
266	2
265	5
264	1
263	1
261	1
260	1
259	1
258	1
257	2
255	1
253	1
250	3
249	1
247	3
246	4
244	1
243	1
241	1
238	2
237	1
234	2
233	2
231	2
230	4
229	1
228	1
226	2
225	1
224	1
223	1
222	1
221	2
220	1
218	1
216	1
215	2
214	1
213	3
212	2
211	4
210	1
209	1
208	1
207	1
205	2
204	1
203	2
202	2
201	3
199	2
198	2
197	1
196	3
195	1
194	1
193	2
191	2
190	5
189	1
188	1
187	1
186	1
185	2
184	1
183	3
182	1
181	3
179	2
177	2
176	1
175	3
173	3
172	1
171	2
170	2
169	2
168	3
167	1
166	1
165	1
164	1
162	3
160	1
159	1
158	2
157	1
156	2
155	3
153	2
152	1
151	1
150	1
148	1
147	1
146	2
144	1
143	2
142	1
140	1
139	3
138	4
137	1
136	3
135	1
134	1
133	2
132	2
131	1
130	1
128	1
127	2
126	1
125	2
124	2
123	1
122	3
121	1
119	1
118	1
117	1
116	4
114	1
113	2
112	1
111	4
109	6
108	3
107	2
105	1
101	7
100	2
