403
750
600	2
599	1
598	1
597	1
596	1
595	3
594	4
593	3
592	2
591	4
590	1
589	1
588	4
587	2
586	4
584	4
583	3
582	1
581	2
579	3
578	4
577	4
576	4
575	2
574	2
572	1
570	2
567	4
566	1
565	2
564	1
563	5
562	4
561	3
560	3
559	3
558	2
557	4
556	1
555	3
554	1
553	1
552	1
551	3
550	7
549	3
547	2
546	2
545	3
544	2
543	2
541	2
540	2
539	1
538	2
536	6
535	1
534	1
533	2
532	5
531	1
530	5
529	2
527	1
526	1
525	4
524	1
523	2
522	4
521	1
520	2
519	2
518	1
517	2
516	2
515	2
514	1
513	4
512	4
511	1
510	2
509	5
508	3
507	1
506	2
505	1
504	2
502	1
501	4
500	4
499	1
498	2
497	1
496	1
495	2
494	4
493	4
492	2
491	3
489	2
487	1
486	1
485	2
484	2
483	1
481	1
480	4
479	3
478	1
477	3
476	3
475	5
473	4
472	3
471	2
470	2
469	4
468	2
467	2
466	2
464	3
463	2
462	3
461	6
460	1
458	3
457	1
455	2
454	2
453	1
452	2
451	2
450	1
449	1
448	5
447	2
445	1
444	2
443	1
442	6
441	1
440	2
439	4
438	6
436	1
435	1
434	4
431	2
430	2
429	4
428	2
426	2
425	2
424	3
423	1
422	1
421	2
420	2
419	2
418	4
417	1
416	4
415	5
414	4
413	6
412	4
411	4
410	2
409	1
408	3
407	6
406	1
405	1
404	2
403	4
402	1
401	2
400	2
398	1
397	4
396	1
395	5
392	4
391	1
390	2
389	1
388	1
387	4
386	1
385	2
384	1
383	1
382	3
381	2
380	2
379	4
377	7
376	2
375	1
374	3
372	1
371	1
370	4
369	1
368	2
367	2
366	7
365	3
364	6
363	4
361	2
360	3
359	5
358	4
357	2
356	3
355	1
354	4
352	1
351	3
350	2
349	3
348	8
347	1
346	5
344	6
342	5
340	1
339	5
338	1
337	3
336	3
335	5
334	2
333	2
332	1
331	1
330	5
329	2
328	2
327	3
325	1
324	2
322	4
321	5
320	4
319	1
318	3
317	1
316	4
315	1
314	4
313	2
312	2
311	6
310	3
309	2
308	2
306	2
305	2
304	2
302	1
301	3
300	2
299	2
298	1
297	4
296	1
295	1
293	1
292	2
291	3
290	6
289	4
288	2
286	1
285	3
284	3
283	1
282	5
281	1
280	4
279	5
278	2
277	1
276	2
275	2
274	2
273	3
272	3
271	1
270	2
269	2
268	3
267	1
266	2
265	4
264	1
263	2
262	5
261	1
260	1
259	3
258	3
257	4
256	1
255	5
254	6
252	2
251	2
250	1
249	3
248	3
247	3
246	2
245	2
244	2
242	1
241	2
240	4
239	2
238	6
237	4
236	6
235	6
234	3
233	1
232	2
231	2
229	2
228	2
227	3
226	1
225	3
224	3
223	2
222	1
221	1
220	2
219	1
218	1
215	1
213	4
212	2
211	1
210	1
209	3
207	6
206	1
205	2
204	2
203	1
202	3
200	1
199	2
198	2
197	4
196	2
195	1
194	3
193	2
192	2
191	2
190	1
189	1
188	2
187	4
186	3
185	2
184	2
183	2
182	1
181	1
180	3
178	2
177	3
176	1
175	4
174	4
173	3
172	3
171	1
170	3
169	1
168	3
167	4
166	1
165	2
164	2
163	1
162	1
161	1
160	2
159	2
158	1
157	2
156	4
155	1
154	1
153	3
152	1
151	3
150	3
