120
200
140	4
139	7
138	3
137	12
136	3
135	1
134	2
133	5
132	9
131	8
130	6
129	8
128	2
127	1
126	8
125	9
124	6
123	4
122	7
121	6
120	4
119	12
118	6
117	5
116	6
115	10
114	6
113	1
112	4
111	5
110	5
109	7
108	6
107	10
106	6
105	7
104	10
103	6
102	7
101	4
100	3
99	6
98	4
97	5
96	5
95	5
94	9
93	6
92	4
91	7
90	6
89	7
88	4
87	5
86	6
85	3
84	7
83	9
82	14
81	8
80	6
79	7
78	11
77	8
76	6
75	6
74	9
73	7
72	8
71	7
70	4
69	6
68	9
67	6
66	6
65	1
64	8
63	11
62	7
61	6
60	11
59	5
58	6
57	5
56	7
55	4
54	5
53	9
52	5
51	1
50	7
49	9
48	5
47	8
46	6
45	7
44	4
43	7
42	6
41	5
40	6
39	6
38	7
37	3
36	9
35	7
34	5
33	5
32	7
30	9
29	7
28	7
27	9
26	2
25	8
24	8
23	5
22	4
21	7
20	7
