240
500
350	6
349	3
348	5
347	3
346	3
345	8
344	1
343	3
342	6
341	2
340	3
339	4
338	2
337	3
336	5
335	4
334	5
333	6
332	3
331	4
330	4
329	2
328	4
327	2
326	1
325	2
324	2
323	1
322	1
321	3
320	6
318	5
317	6
316	3
315	3
313	1
312	3
311	5
310	2
309	3
308	4
306	3
305	1
304	8
303	1
302	3
301	1
300	3
299	4
298	1
297	3
296	2
295	4
294	8
293	4
292	4
291	3
290	3
289	3
288	2
287	2
286	2
285	1
284	2
283	1
282	6
281	2
280	1
279	3
278	3
277	4
276	3
275	2
274	3
273	6
272	3
271	6
270	4
269	3
268	1
267	1
266	3
265	2
264	4
263	4
262	3
261	2
260	2
259	2
258	3
257	1
256	2
255	3
254	3
253	3
252	4
251	3
250	2
249	1
248	5
247	2
246	2
245	5
244	2
243	2
242	6
241	3
240	6
239	5
238	3
237	2
236	2
235	6
234	5
233	1
232	3
231	1
230	1
229	2
227	1
226	5
225	2
224	2
223	3
222	1
221	3
220	4
219	3
218	2
217	2
216	1
215	4
214	3
212	3
211	1
210	3
209	3
208	6
207	2
205	2
204	2
202	2
201	4
200	7
199	2
198	3
197	2
196	4
195	6
194	5
193	4
192	1
191	2
190	2
189	3
188	6
187	3
186	4
185	6
184	2
183	3
181	4
180	4
179	4
178	2
177	1
176	3
175	2
174	4
173	5
172	4
171	7
170	2
169	3
168	2
167	1
166	2
165	3
164	3
163	1
162	2
161	3
160	6
159	1
157	4
156	3
155	4
154	4
153	4
152	3
151	5
150	1
149	2
148	1
147	2
146	2
145	3
144	2
143	3
142	3
141	6
140	3
139	4
138	6
137	4
136	1
135	4
134	4
133	1
132	3
131	1
130	1
129	5
128	4
127	4
126	1
125	1
124	1
123	3
122	6
121	3
120	2
118	4
117	3
116	2
115	1
114	6
113	2
112	7
111	3
110	4
109	4
108	3
107	2
106	4
105	4
104	10
102	1
101	4
100	1
