209
400
280	3
279	1
275	3
274	3
273	2
272	3
271	2
270	3
269	1
268	4
267	2
266	3
264	3
263	4
262	1
261	2
260	2
259	1
258	4
257	1
256	2
253	1
252	2
251	3
250	3
248	1
247	3
246	2
245	3
244	1
243	2
242	5
241	2
240	2
239	2
238	1
237	3
235	2
234	3
233	2
232	2
231	2
230	3
229	2
228	3
227	2
226	1
225	5
224	4
223	3
222	2
220	2
219	1
218	2
216	4
215	2
214	1
212	2
211	2
210	3
208	2
207	2
206	3
205	1
204	2
203	4
202	1
201	2
200	4
199	1
198	4
197	4
196	1
195	2
194	4
193	2
192	1
191	2
190	1
189	1
188	2
186	4
184	2
183	1
182	2
181	4
179	3
178	2
176	1
175	2
174	1
173	1
172	3
170	2
169	1
168	2
167	6
166	4
165	3
164	3
163	1
162	1
161	1
160	1
159	3
158	3
157	3
156	2
155	1
154	4
152	3
151	1
149	1
148	4
147	3
146	1
145	2
144	2
143	3
142	1
141	1
140	1
137	2
136	4
132	3
131	1
130	1
129	2
128	1
127	1
126	3
125	4
124	2
123	4
122	2
121	5
120	2
119	4
118	1
117	1
116	4
115	3
114	3
113	3
112	1
111	4
110	1
109	1
108	5
107	5
106	1
105	1
103	5
102	3
101	3
100	2
99	2
98	3
96	1
95	4
94	3
93	4
92	2
91	5
90	1
89	1
87	2
86	2
85	4
84	2
82	3
80	2
79	3
77	1
76	6
75	3
74	1
73	2
72	4
70	1
69	1
68	1
67	2
66	2
65	1
64	2
63	5
62	2
61	3
60	1
59	4
58	2
57	2
56	3
55	2
54	1
53	3
51	4
50	3
49	1
48	2
47	3
46	1
45	2
44	5
43	1
42	7
41	3
40	4
