120
200
140	5
139	5
138	7
137	7
136	4
135	4
134	6
133	7
132	3
131	6
130	5
129	5
128	6
127	4
126	6
125	11
124	5
123	10
122	8
121	9
120	8
119	5
118	3
117	5
116	9
115	8
114	5
113	1
112	10
111	4
110	2
109	3
108	9
107	13
106	4
105	6
104	6
103	7
102	5
101	8
100	6
99	4
98	6
97	6
96	5
95	6
94	8
93	5
92	1
91	13
90	8
89	3
88	8
87	4
86	4
85	7
84	3
83	10
82	4
81	7
80	5
79	7
78	8
77	4
76	5
75	9
74	8
73	5
72	6
71	11
70	10
69	8
68	1
67	6
66	13
65	3
64	8
63	7
62	7
61	9
60	8
59	6
58	9
57	7
56	8
55	7
54	11
53	5
52	6
51	6
50	8
49	4
48	10
47	5
46	2
45	5
44	12
43	6
42	6
41	5
40	4
39	6
38	7
37	6
36	4
35	3
34	10
33	6
31	4
30	3
29	4
28	2
27	5
26	5
25	5
24	6
23	9
22	6
21	9
20	8
