266
750
600	2
598	1
597	2
594	1
593	3
592	2
587	1
586	1
582	1
581	2
579	2
578	1
577	1
575	2
574	1
573	2
570	1
568	4
567	1
565	1
564	1
562	1
561	1
560	2
559	1
558	1
555	1
554	2
553	1
552	2
551	1
550	1
549	1
541	1
540	1
539	1
536	4
533	2
531	1
530	1
529	1
528	2
527	2
526	2
525	1
524	2
523	1
519	2
517	1
514	2
512	1
508	1
507	1
505	2
504	1
502	1
501	1
499	1
498	1
496	1
495	1
494	1
492	2
491	1
490	2
487	2
485	2
484	1
481	1
480	1
479	1
478	1
477	2
476	2
475	1
474	1
472	3
471	1
470	1
469	2
468	1
467	3
466	1
465	1
463	1
461	2
460	2
458	3
457	2
455	1
453	1
448	3
447	2
446	3
445	2
444	2
442	1
441	1
440	2
439	1
433	3
432	1
430	2
426	1
425	1
423	1
422	1
420	1
419	2
417	2
416	1
415	1
414	1
413	1
412	1
411	1
407	1
406	2
404	2
403	1
401	1
399	1
396	2
395	2
394	2
388	2
386	1
385	1
382	1
381	1
379	1
377	1
375	1
374	1
371	3
370	1
369	3
368	3
365	1
364	1
363	1
356	1
353	1
352	1
351	1
350	1
346	1
345	1
344	1
343	2
340	1
338	2
337	1
336	2
330	2
329	1
328	3
327	3
326	2
325	1
324	1
323	2
322	2
321	1
320	1
317	1
316	2
315	1
313	2
312	1
311	1
310	1
308	1
305	2
304	1
303	1
302	2
301	3
299	2
298	1
297	2
296	2
294	1
293	2
291	1
290	2
288	2
285	4
284	1
283	2
282	3
281	2
280	1
276	1
274	1
273	1
272	2
271	1
269	1
266	1
264	1
262	2
261	2
259	1
257	1
254	1
253	2
252	1
251	2
248	2
247	1
246	1
245	1
243	1
242	4
236	2
232	2
231	1
230	2
227	2
225	1
224	1
219	1
217	1
216	1
213	1
209	2
208	4
207	2
205	4
203	1
202	1
201	1
200	1
199	2
197	2
195	1
194	3
193	2
192	1
191	2
189	1
188	1
186	1
184	2
182	2
178	1
177	1
175	2
173	1
172	1
171	1
170	1
169	1
168	4
167	1
166	1
165	1
164	2
160	1
159	1
158	1
157	1
156	1
153	1
150	4
