231
1000
698	1
692	1
690	1
688	1
687	1
683	1
680	1
678	1
672	3
666	1
665	1
664	1
663	1
661	2
654	1
649	2
648	1
647	1
646	1
642	2
638	1
637	1
636	1
635	1
633	1
629	2
627	2
626	1
624	1
622	3
621	1
617	2
616	1
615	1
610	1
609	1
606	1
602	1
599	1
590	1
589	1
588	2
586	2
578	1
577	1
572	1
571	1
570	1
568	1
560	2
558	1
556	1
555	2
550	1
546	1
543	1
540	1
539	1
537	2
534	1
533	1
532	1
529	2
526	2
525	1
522	2
519	1
518	2
517	1
508	1
507	1
504	2
500	1
498	1
490	1
489	1
487	2
486	2
478	1
474	1
469	1
467	1
466	1
463	1
462	1
457	1
456	1
455	1
454	1
452	1
450	1
446	2
445	1
443	1
442	1
435	1
433	1
427	1
426	1
425	1
420	1
418	1
412	2
408	2
407	1
404	1
402	1
401	1
398	1
392	2
391	1
389	1
388	1
387	1
385	1
382	2
381	1
379	1
378	1
376	1
374	1
370	2
369	1
361	2
360	1
359	2
355	2
350	1
348	1
347	2
342	2
341	1
340	1
339	1
337	2
333	1
332	1
329	1
326	1
325	2
323	1
318	1
316	1
314	1
310	1
306	1
303	2
302	1
295	1
292	1
290	1
289	1
288	1
286	1
285	2
282	1
280	1
278	1
277	1
274	1
273	1
272	1
271	2
267	2
266	1
264	1
260	3
253	2
250	2
248	1
243	1
242	2
241	1
239	1
238	1
237	1
233	2
232	1
228	1
227	2
225	1
223	1
220	2
215	2
214	3
212	1
206	2
202	1
200	1
199	1
195	1
192	1
191	1
190	1
189	3
187	3
184	1
180	2
179	2
175	2
174	2
168	3
165	1
164	1
162	1
158	1
154	1
152	1
150	1
147	2
146	1
144	3
138	1
135	1
128	1
124	1
120	2
119	1
117	2
116	2
113	1
112	1
111	1
109	2
108	1
107	1
105	1
104	1
103	1
101	2
100	1
