256
500
349	1
348	2
347	6
345	3
344	2
343	1
342	2
341	3
340	2
339	5
338	3
337	4
336	1
335	1
334	3
333	3
332	3
331	1
329	4
328	1
327	2
326	3
325	1
324	1
323	1
322	2
321	1
320	3
319	1
318	4
316	2
315	1
314	1
313	3
312	2
311	2
310	2
307	2
306	3
304	1
303	1
302	1
299	1
297	2
296	1
295	1
293	1
292	3
291	5
290	3
289	2
288	3
287	1
286	1
285	1
284	2
283	2
282	1
281	3
280	1
278	2
277	1
276	1
275	1
274	3
273	1
271	1
270	2
269	1
268	1
267	1
266	2
264	2
263	1
262	2
261	1
260	2
259	1
258	3
257	2
256	1
255	4
253	1
252	4
251	2
250	2
249	1
248	1
247	3
246	2
242	2
241	2
240	1
237	1
236	1
235	1
234	1
233	1
232	5
231	4
230	1
229	1
228	1
227	2
226	1
225	2
224	1
223	1
221	2
220	2
219	1
218	2
217	2
216	1
215	2
213	2
212	1
211	1
210	2
209	1
208	3
207	2
206	1
204	2
203	2
202	2
201	1
200	3
199	1
198	2
196	1
193	2
192	2
191	1
190	2
189	3
188	3
186	2
185	1
183	4
182	3
181	1
180	3
178	2
177	3
176	2
175	2
174	2
172	2
171	2
170	1
169	3
168	1
167	1
166	1
165	3
164	2
163	2
162	2
161	1
160	2
158	2
156	1
155	1
153	1
152	3
151	2
149	2
148	1
147	1
146	4
145	1
144	2
143	1
142	1
140	3
139	4
138	1
137	5
136	1
135	2
134	4
133	1
131	2
129	3
128	3
127	3
126	2
125	1
124	1
123	2
122	1
121	1
120	2
119	1
118	1
115	2
114	2
113	1
112	3
111	1
109	3
108	2
107	1
106	1
105	2
104	1
103	2
102	2
101	1
100	3
99	1
98	1
97	2
96	2
95	3
93	1
91	1
90	2
89	4
88	3
87	1
86	1
84	3
83	4
82	2
81	2
80	2
79	2
78	3
77	1
76	1
75	1
74	1
73	2
72	1
71	5
70	1
69	2
68	2
67	3
66	3
65	2
64	1
63	1
62	1
60	4
59	2
58	3
57	5
56	2
55	1
54	3
52	6
51	1
50	5
