372
750
600	2
599	3
598	1
597	4
596	3
595	6
593	1
592	1
591	4
588	1
586	2
585	2
584	4
583	2
582	1
581	2
580	2
578	2
576	1
575	2
574	2
573	1
571	2
569	1
567	2
566	2
565	1
564	4
563	4
562	2
561	2
560	2
559	2
558	2
557	4
556	1
554	1
553	2
552	2
551	2
550	3
548	2
547	2
546	2
545	2
544	3
543	1
541	2
540	1
539	1
536	3
535	3
534	1
533	3
532	1
531	1
530	3
528	5
527	1
526	1
524	2
523	1
522	2
521	1
520	3
519	2
518	3
517	2
516	3
514	3
513	1
512	1
511	1
510	1
509	2
508	4
507	1
506	2
505	1
504	2
503	2
501	2
500	1
499	2
497	4
496	1
495	3
494	1
491	3
490	3
488	2
487	1
486	1
485	2
484	1
483	1
482	3
479	5
477	2
476	3
475	1
474	5
471	3
470	3
469	1
468	2
467	1
466	1
465	3
464	3
463	1
462	2
461	1
460	2
459	3
458	1
457	2
456	1
455	1
454	3
453	2
452	3
450	3
448	2
447	2
446	2
445	1
444	3
443	1
442	1
441	3
440	2
439	1
438	2
436	1
435	2
434	4
433	2
432	2
431	3
430	6
428	1
425	2
424	5
421	1
420	1
419	4
418	1
417	5
414	4
412	2
411	2
410	3
409	1
408	1
407	1
406	1
405	2
403	2
402	1
400	3
399	4
397	1
396	1
395	1
393	1
392	3
391	1
390	1
389	3
388	2
387	2
386	1
385	2
383	3
382	4
381	3
380	3
379	3
378	2
377	1
375	2
374	2
373	3
372	1
371	1
370	2
369	1
367	3
366	4
364	2
363	1
361	1
360	1
359	4
358	1
357	1
356	1
355	5
354	1
353	1
352	2
350	1
347	3
345	4
344	1
343	4
342	1
341	2
340	4
339	5
338	1
337	2
336	1
335	3
333	7
332	4
331	3
330	1
329	1
328	2
327	2
326	3
325	5
324	2
323	3
322	2
321	3
320	4
319	1
318	3
317	1
316	2
315	1
314	4
313	4
312	1
311	2
310	1
309	2
308	1
306	1
305	2
304	2
303	1
302	1
301	1
299	1
298	1
297	1
295	2
294	2
293	3
291	4
290	2
288	2
287	2
286	2
285	1
284	4
283	1
282	1
281	1
280	2
279	1
278	1
277	2
276	2
275	1
274	1
273	1
272	1
270	1
269	3
267	2
266	3
265	1
264	1
263	2
262	5
261	1
260	2
259	1
258	1
257	3
256	1
255	1
253	2
252	4
251	3
250	2
249	2
248	4
247	2
246	1
245	5
243	1
242	3
241	1
240	1
239	3
237	2
235	3
234	2
232	2
231	1
229	1
227	1
226	1
225	2
223	1
222	2
221	2
220	1
219	3
217	2
214	2
213	2
212	1
211	2
209	1
208	1
207	1
206	1
205	2
204	1
202	1
201	1
199	1
198	1
197	1
196	2
193	1
192	5
191	1
190	2
189	2
186	3
185	1
184	1
183	1
182	1
181	1
180	1
179	1
178	1
177	3
176	2
175	1
174	2
173	2
172	5
171	1
170	1
169	1
167	1
166	4
165	3
164	1
163	1
162	1
161	2
160	1
158	2
157	2
156	2
155	1
154	4
153	1
152	2
151	3
150	1
