518
1000
800	1
798	1
797	2
795	2
794	1
791	3
789	1
788	2
787	3
786	3
785	2
784	2
783	4
781	2
780	3
779	2
777	1
776	2
774	3
772	1
771	1
770	2
768	1
767	1
765	5
764	2
763	3
761	2
760	2
759	3
757	1
754	1
753	2
752	4
751	3
749	2
748	5
746	1
745	2
744	1
743	1
742	3
741	2
740	1
739	4
738	3
737	4
736	1
733	1
732	1
731	1
730	1
729	3
728	2
727	3
725	1
724	2
722	2
721	3
720	1
719	3
718	1
717	2
716	5
714	1
712	1
711	3
710	1
709	2
707	1
706	1
705	2
704	2
703	3
701	3
700	1
699	2
696	3
695	1
694	1
693	1
692	1
691	2
689	1
688	1
686	1
685	1
684	2
683	2
682	1
680	1
679	1
678	2
677	4
675	1
674	2
673	2
672	1
671	1
670	1
668	2
667	1
666	2
665	1
663	1
662	1
661	1
660	2
658	1
657	1
655	1
653	2
651	1
650	3
649	1
648	1
647	4
646	3
645	2
644	1
643	3
642	1
641	1
640	1
639	3
638	2
637	3
635	4
634	2
633	2
631	3
630	1
629	1
628	2
625	2
624	2
623	2
621	1
620	3
619	1
618	1
616	4
615	1
614	3
613	1
612	5
610	1
609	2
608	2
607	2
605	1
604	1
602	2
601	4
600	1
598	1
597	2
596	1
595	1
593	3
592	4
591	2
590	2
588	2
587	2
586	1
585	5
584	1
583	1
582	1
581	2
580	1
579	2
577	2
576	1
575	3
573	2
572	1
571	4
570	4
567	3
566	1
563	1
562	2
561	1
558	2
557	1
556	2
555	2
553	1
551	3
550	3
549	2
547	3
546	2
545	3
542	2
541	3
540	4
538	3
537	3
536	1
533	5
532	1
531	2
530	2
529	1
528	2
526	3
525	2
524	2
523	1
522	5
520	4
518	3
517	1
514	2
513	1
512	3
511	2
510	1
509	2
508	2
507	3
506	1
505	3
504	1
501	1
500	2
499	1
498	2
497	5
495	3
494	2
493	3
492	2
491	2
490	1
489	2
488	2
487	2
486	2
485	1
484	1
483	1
479	1
476	2
475	1
473	2
472	1
471	3
470	1
467	2
466	3
465	3
463	4
462	2
460	1
459	1
458	2
457	1
455	2
454	1
452	1
451	1
449	2
448	1
446	1
443	2
442	1
441	1
440	3
439	2
438	1
437	3
436	3
435	1
433	2
432	2
431	1
429	1
428	1
425	2
424	1
422	2
421	5
420	1
419	1
414	3
413	1
412	2
411	1
410	2
409	2
408	1
407	2
405	3
404	4
403	1
402	3
400	2
399	2
398	6
396	2
395	2
391	2
388	3
387	3
386	3
385	1
384	1
382	2
381	4
380	1
379	2
378	1
377	3
376	4
374	1
373	2
371	3
370	3
368	1
367	2
365	2
364	1
363	1
361	2
360	4
359	1
358	1
356	1
355	2
352	2
351	3
350	2
349	2
348	1
347	3
344	3
343	3
342	2
338	3
335	2
334	2
333	1
332	2
331	3
330	3
327	1
326	3
325	1
324	1
323	4
322	2
320	2
319	4
317	1
316	3
315	1
314	3
313	4
312	1
311	1
310	2
307	1
306	1
305	1
304	1
303	2
302	2
300	3
299	1
298	1
296	1
295	1
294	2
293	3
292	1
291	2
290	1
288	1
287	2
286	2
285	1
283	1
282	1
281	1
276	2
274	1
273	2
272	1
270	2
266	3
264	1
263	1
261	1
260	1
259	1
258	4
256	1
254	1
253	2
252	4
251	1
250	1
249	2
248	1
247	1
245	2
244	1
243	1
242	2
239	2
238	2
237	1
236	1
235	2
233	2
232	2
231	1
230	5
229	1
227	4
226	2
225	2
224	3
223	1
221	2
219	1
217	2
216	2
215	2
214	2
213	2
211	2
210	2
209	2
207	1
206	2
205	1
204	1
203	2
202	3
201	1
200	2
198	1
197	1
196	1
194	1
193	1
192	4
191	1
188	2
185	1
184	1
182	1
181	6
180	1
178	1
176	1
175	4
174	1
173	1
172	2
170	1
168	3
167	1
166	4
164	4
162	2
161	1
160	3
159	3
156	1
154	1
153	1
152	1
151	3
150	2
149	2
148	1
147	1
146	1
144	1
143	1
142	1
140	2
139	2
138	1
137	2
135	2
134	1
133	1
132	1
130	3
129	2
128	3
127	1
126	4
124	4
122	1
120	1
119	1
117	1
116	1
115	3
114	3
113	2
112	4
111	2
109	6
108	2
107	3
104	1
103	3
101	1
100	2
