240
400
280	2
279	8
278	3
277	5
276	4
275	2
274	5
273	4
272	3
271	3
270	3
269	4
268	6
267	1
266	3
265	3
264	1
263	4
262	6
261	9
260	5
259	3
258	7
257	6
256	7
255	3
254	4
253	1
252	4
251	7
250	1
249	5
248	4
247	3
246	3
245	4
244	5
243	7
242	7
241	7
240	5
239	3
238	7
237	4
236	5
235	5
234	5
233	7
232	5
231	2
230	7
229	10
228	1
227	4
226	6
225	3
224	5
223	3
222	5
221	1
220	2
219	3
218	2
217	2
216	6
215	6
214	4
213	6
212	4
211	5
210	4
209	2
208	2
207	3
206	2
205	3
204	11
203	8
202	1
201	6
200	6
199	3
198	3
197	3
196	3
195	5
194	2
193	6
192	2
191	6
190	4
189	2
188	1
187	4
186	5
185	6
184	3
183	6
182	1
181	3
180	6
179	5
178	1
177	3
176	8
175	2
174	4
173	7
172	3
171	2
170	4
169	4
168	4
167	5
166	3
165	7
164	3
163	3
162	5
161	5
160	4
159	3
158	1
157	2
156	3
155	5
154	5
153	5
152	7
151	7
150	5
149	3
148	6
147	2
146	4
144	6
143	5
142	3
141	5
140	5
139	9
138	3
137	5
136	2
135	2
134	5
133	6
132	5
131	4
130	1
129	3
128	6
127	5
126	6
125	1
124	6
123	8
122	5
121	5
120	5
119	4
118	5
117	3
116	5
115	5
114	2
113	8
112	5
111	3
110	4
109	5
108	4
107	2
106	3
105	3
104	6
103	1
102	2
101	3
100	4
99	3
98	4
97	2
96	5
95	5
94	3
93	6
92	3
91	3
90	3
89	9
88	5
87	5
86	5
85	5
84	4
83	3
82	4
81	3
80	5
79	4
78	5
77	3
76	11
75	2
74	3
73	6
72	2
71	4
70	5
69	2
68	2
67	3
66	3
65	2
64	5
63	8
62	5
61	2
60	7
59	6
58	3
57	4
56	3
55	2
54	2
53	5
52	6
51	1
50	3
49	6
48	4
47	4
46	6
45	4
44	2
43	2
42	4
41	2
40	2
