142
500
350	3
349	2
347	1
346	1
345	1
340	1
338	2
336	1
335	1
334	1
329	1
327	1
326	1
325	2
324	1
323	2
322	1
318	1
314	1
313	1
307	2
305	1
303	1
302	1
299	1
298	1
297	2
291	1
290	2
288	3
287	2
285	1
284	1
281	1
280	1
279	1
274	2
272	4
271	1
270	1
267	1
266	1
265	1
264	1
259	1
256	1
254	2
253	1
252	1
249	1
247	1
246	1
245	1
242	1
241	1
237	1
236	2
234	3
233	1
228	1
223	1
222	3
221	1
220	3
218	2
213	3
212	1
211	3
202	1
198	1
197	1
195	2
194	2
193	2
187	1
184	1
181	1
180	1
179	2
178	1
177	1
176	1
173	1
171	1
169	1
166	1
165	1
163	2
161	1
160	1
159	1
158	1
157	1
156	1
155	1
154	1
153	1
152	1
151	2
147	1
146	1
144	1
143	1
141	1
137	1
135	1
134	1
133	1
132	1
128	2
126	1
125	1
123	2
122	1
118	1
116	1
114	4
111	1
108	3
107	1
106	3
103	1
99	1
97	2
96	1
93	2
92	6
90	1
85	2
81	2
80	1
79	1
78	2
74	1
67	2
62	2
58	1
57	2
54	1
53	1
51	2
50	1
