140
200
160	3
159	4
158	6
157	6
156	4
155	6
154	7
153	7
152	9
151	7
149	3
148	4
147	6
146	6
145	7
144	6
143	6
142	1
141	5
140	3
139	4
138	11
137	4
136	4
135	3
134	3
133	5
132	6
131	6
130	6
129	6
128	4
127	4
126	10
125	4
124	8
123	5
122	3
121	8
120	2
119	7
118	7
117	6
116	6
115	4
114	5
113	2
112	6
111	5
110	3
109	6
108	6
107	5
106	4
105	3
104	1
103	6
102	4
101	1
100	5
99	5
98	5
97	6
96	5
95	10
94	6
93	3
92	3
91	4
90	7
89	4
88	11
87	1
86	6
85	6
84	4
83	3
82	2
81	2
80	3
79	13
78	3
77	3
76	6
75	10
74	10
73	4
72	3
71	5
70	7
69	9
68	11
67	7
66	8
65	5
64	6
63	3
62	6
61	3
60	6
59	5
58	4
57	5
56	5
55	5
54	5
53	5
52	6
51	1
50	5
49	4
48	9
47	6
46	7
45	7
44	6
43	4
42	4
41	9
40	7
39	10
38	5
37	5
36	5
35	7
34	3
33	3
32	8
31	8
30	7
29	2
28	6
27	4
26	2
25	4
24	8
23	7
22	9
21	7
20	3
