226
400
280	1
279	2
278	2
277	3
276	4
275	6
274	3
273	1
272	4
271	2
270	2
269	6
268	1
267	5
266	5
265	3
264	5
263	2
262	2
261	1
260	5
259	1
258	6
257	2
256	3
255	5
254	3
252	3
251	3
250	4
249	7
248	2
247	2
246	5
245	2
244	3
243	4
242	5
240	2
239	3
237	3
236	2
235	4
234	2
233	4
232	4
231	4
230	3
229	4
228	7
227	2
226	1
225	3
224	2
223	6
221	2
220	1
219	3
218	3
217	5
216	7
215	1
214	3
213	3
212	4
211	1
209	6
208	4
207	6
206	3
205	2
204	3
203	5
202	2
201	2
199	6
198	5
197	2
196	3
195	3
194	4
193	1
192	2
191	3
190	2
188	2
187	3
186	5
184	1
183	4
182	2
181	1
180	2
179	5
178	1
177	3
176	4
175	2
174	1
173	7
172	3
171	1
170	3
169	4
168	4
167	3
166	1
165	5
164	4
163	5
162	1
161	4
160	4
159	3
158	9
157	2
156	2
155	2
154	3
153	3
152	3
151	6
150	2
149	4
148	2
147	2
146	3
145	2
144	5
143	3
142	2
141	4
140	5
139	4
138	7
137	6
136	2
135	1
133	3
132	6
131	6
130	3
129	4
128	5
127	2
126	2
125	2
124	6
123	2
122	2
121	7
120	2
119	5
118	4
117	3
116	5
114	7
113	1
112	2
111	3
110	5
109	3
108	2
107	2
106	3
105	3
104	2
103	6
101	1
100	3
98	7
97	1
96	1
95	5
94	2
93	2
92	2
91	4
90	1
89	4
88	1
87	2
86	5
85	5
84	8
83	4
82	4
81	5
80	1
79	4
78	1
77	3
76	4
75	3
74	3
73	4
72	3
70	6
68	3
67	4
66	4
65	2
64	6
63	4
62	4
61	2
60	3
59	1
58	8
57	3
56	4
55	6
54	2
53	3
52	3
51	2
50	1
48	4
47	1
46	1
45	5
44	5
43	4
42	5
41	1
40	2
