287
1000
699	1
697	1
696	2
693	1
692	1
689	1
682	4
681	1
677	1
675	1
673	1
671	1
669	1
667	1
665	2
664	1
663	1
662	1
660	1
658	1
657	1
655	1
650	1
649	1
648	1
646	4
640	1
637	1
636	1
635	1
634	1
633	1
632	2
631	1
630	1
627	2
626	1
624	1
620	1
618	1
616	2
614	1
613	2
612	1
610	1
608	1
606	1
604	2
603	3
601	2
600	1
598	1
595	1
594	2
593	1
589	1
588	1
587	1
586	2
583	2
580	1
578	3
577	1
576	1
575	2
571	2
570	2
567	2
565	1
564	2
563	1
560	1
559	1
557	1
556	1
554	1
552	1
551	1
549	2
543	1
542	1
541	1
540	3
539	3
536	1
535	2
534	1
532	2
531	1
530	2
528	1
525	1
524	1
523	2
519	1
515	1
512	1
510	4
509	2
504	3
502	1
499	2
496	2
495	2
484	2
482	1
481	1
479	1
475	2
473	1
472	1
469	1
468	2
466	1
465	2
464	1
462	1
461	1
460	1
459	1
458	1
457	1
456	1
454	2
453	1
452	1
448	1
446	1
444	3
443	1
440	1
438	3
436	1
434	1
433	1
432	2
431	1
430	1
427	1
425	1
422	1
421	1
420	2
419	2
418	1
416	1
413	1
411	1
410	3
409	1
408	2
406	3
405	1
404	1
402	1
401	1
398	1
396	1
394	2
391	1
387	1
386	1
385	1
384	1
381	3
380	4
375	1
372	3
369	1
368	1
367	1
366	1
364	1
362	1
359	1
358	1
356	1
353	2
351	2
349	3
348	2
346	1
345	1
343	1
342	1
341	2
337	2
336	1
334	1
332	1
330	1
329	2
328	2
325	1
321	1
317	2
316	2
315	2
308	1
307	1
305	2
301	1
297	1
295	1
293	1
290	1
288	2
286	1
284	1
281	2
279	2
278	2
277	2
274	1
273	1
271	1
269	2
265	1
262	1
261	2
255	1
253	2
250	1
249	1
244	1
243	1
242	1
237	1
236	3
235	1
233	1
230	1
227	2
225	1
224	1
223	2
220	2
217	2
216	2
213	1
208	1
199	1
198	1
197	2
196	1
194	1
190	1
187	1
186	3
184	1
181	2
180	2
179	1
178	1
176	1
175	1
169	1
165	1
164	2
162	1
160	1
159	2
158	1
156	1
155	1
153	2
151	1
149	3
146	1
145	2
143	4
141	1
137	1
130	1
129	1
128	1
127	1
126	2
123	1
121	1
119	1
114	1
111	1
110	1
107	2
104	1
103	1
