144
400
317	1
315	2
314	1
313	2
312	1
311	1
310	2
308	3
307	1
306	1
305	1
304	1
303	1
301	2
299	2
298	1
297	1
292	2
290	1
289	1
286	1
283	1
281	2
280	1
279	1
278	1
277	1
276	1
275	1
272	3
269	1
267	2
266	2
265	1
264	1
261	1
256	1
255	1
254	2
253	1
252	2
251	2
250	2
248	1
246	1
243	1
242	2
241	1
240	2
238	1
237	1
236	1
235	3
234	1
232	1
230	1
229	1
228	1
227	4
225	1
224	2
223	1
221	1
220	2
218	1
209	1
208	1
206	2
205	2
204	1
203	1
201	1
199	1
196	3
194	2
191	2
190	1
189	1
188	1
187	2
186	1
185	1
184	1
182	1
181	1
178	1
176	1
174	1
173	2
172	1
170	2
168	1
167	1
163	1
162	1
161	1
160	2
159	3
157	1
156	1
155	3
152	1
151	2
148	1
146	1
145	1
144	1
143	1
141	1
140	2
139	2
137	1
133	1
132	2
127	3
126	1
123	3
122	1
121	1
119	2
118	1
117	2
116	1
115	1
114	2
113	2
112	1
110	1
109	1
108	2
104	2
103	1
102	1
100	1
96	2
94	1
93	1
92	1
89	1
87	2
85	1
82	1
81	1
80	1
