301
1000
699	2
698	1
697	1
695	1
692	1
688	1
686	1
685	1
683	3
680	2
679	1
678	1
677	1
675	1
673	1
670	2
669	1
668	1
665	1
663	2
662	3
661	2
660	1
659	1
658	1
654	1
650	1
649	1
648	1
646	1
644	1
642	1
641	1
640	2
638	1
637	3
636	2
633	1
631	1
629	1
627	2
625	2
621	1
618	2
617	1
614	1
610	1
608	1
606	1
605	1
603	1
600	1
599	1
598	1
597	3
596	2
595	1
594	2
592	1
590	1
588	2
585	1
584	1
580	2
578	1
577	1
576	1
575	1
572	2
570	1
568	1
566	1
562	1
561	1
558	1
557	1
555	1
554	1
553	1
552	1
551	1
549	1
547	1
540	3
537	2
536	1
535	1
534	1
533	2
530	2
529	2
528	2
527	1
526	3
524	1
522	2
521	1
517	1
515	1
513	1
508	1
505	1
504	1
500	2
498	2
494	1
492	3
491	1
490	1
489	1
488	1
487	2
486	1
485	1
484	1
480	2
479	1
477	2
476	1
475	1
473	1
472	1
470	1
469	2
466	1
464	1
463	1
462	1
461	1
460	1
459	1
457	2
453	3
450	1
449	1
448	1
447	1
446	2
444	1
443	1
440	2
439	2
438	1
437	2
436	1
435	1
432	2
427	1
426	1
423	1
422	1
418	1
417	1
415	1
414	3
412	1
410	1
408	1
406	1
403	1
402	2
401	1
398	1
395	1
393	1
392	1
391	1
390	1
388	1
386	1
383	1
379	1
378	1
376	1
375	1
373	2
372	1
369	1
368	1
365	1
363	1
362	1
359	1
356	1
354	1
353	2
351	2
350	1
349	1
348	1
345	1
344	2
343	1
341	1
340	1
339	3
336	1
335	1
333	1
331	1
330	1
328	2
325	1
323	1
322	2
318	1
317	1
316	2
315	1
305	1
304	1
301	1
299	1
295	1
292	1
288	1
286	1
285	1
281	2
278	1
276	1
274	1
272	1
271	2
270	2
267	2
266	3
263	1
259	1
258	2
257	2
256	1
255	1
254	2
253	2
252	1
250	2
247	1
244	3
238	1
236	1
235	2
228	2
227	3
226	1
223	1
222	2
219	1
214	1
212	1
207	2
202	1
200	3
199	1
197	3
195	1
194	1
193	1
187	1
186	1
184	1
183	1
182	1
180	1
179	2
177	2
175	1
174	1
173	1
171	1
168	1
167	2
162	2
161	1
160	1
159	2
157	1
156	1
151	2
150	1
149	1
148	3
144	1
142	1
141	2
136	1
135	1
128	2
125	3
122	1
121	1
119	1
116	1
115	3
112	1
111	1
109	1
108	2
104	1
101	1
100	1
