178
1000
799	1
792	1
791	1
786	1
782	1
780	1
777	1
774	2
768	1
758	1
755	1
754	1
751	1
735	1
734	1
733	1
729	1
719	1
711	2
706	1
705	1
699	1
686	1
682	1
679	1
677	1
675	1
673	1
671	1
665	1
663	1
657	2
655	1
654	1
642	1
638	1
636	2
630	1
629	1
628	1
620	1
619	2
615	1
613	1
612	1
604	1
603	1
598	1
594	1
593	1
585	2
583	1
576	1
574	1
571	1
556	1
554	3
552	1
547	1
545	1
544	1
538	1
535	1
532	1
527	1
521	1
519	1
514	1
507	2
506	1
505	1
502	1
496	1
494	1
491	1
490	1
489	1
488	1
484	1
480	2
479	1
477	1
476	1
468	1
465	1
462	1
460	1
458	1
443	1
442	1
438	1
437	1
434	1
429	1
425	1
421	1
417	1
416	1
412	1
408	1
406	2
396	1
381	1
379	1
378	1
376	1
373	1
370	1
367	1
364	1
363	1
361	1
360	1
359	1
357	1
351	1
349	1
348	2
347	1
343	1
342	1
340	1
332	2
324	1
319	1
315	3
309	1
305	2
303	1
302	1
293	2
284	1
282	1
278	1
276	2
272	1
265	2
261	1
259	1
256	1
245	1
242	1
241	1
240	1
236	2
235	1
229	1
224	1
217	1
209	1
204	1
203	1
201	1
194	1
183	1
177	1
174	1
169	1
166	1
163	1
160	1
156	1
155	2
153	1
152	1
151	1
149	1
140	1
139	1
137	1
136	1
133	1
125	2
122	1
120	1
116	1
111	1
100	1
