492
1000
800	1
799	4
798	4
797	1
796	3
794	4
793	4
792	1
790	1
789	3
788	3
787	3
786	4
785	1
783	1
782	6
778	3
777	1
776	6
775	3
774	3
773	1
771	3
770	1
768	1
767	3
766	1
764	3
763	3
762	2
761	1
760	1
759	2
758	1
757	1
756	2
753	3
752	1
751	4
750	4
749	1
748	1
746	1
745	6
744	2
743	2
742	1
741	4
740	2
739	2
738	1
737	5
736	1
735	1
734	1
733	1
732	3
730	1
728	2
727	2
726	2
725	1
721	2
719	2
718	2
716	1
713	2
712	4
708	4
707	2
706	4
705	2
703	2
702	2
701	2
700	4
699	1
698	3
696	2
695	2
694	1
693	1
692	1
691	2
690	3
686	4
685	1
684	1
683	1
682	1
681	1
680	1
678	4
677	1
675	3
674	1
672	2
671	3
670	4
669	1
668	2
666	1
665	2
664	3
663	1
662	3
661	2
659	1
658	2
657	2
656	2
655	1
654	2
652	1
651	1
650	3
649	1
648	5
647	2
646	1
645	2
644	1
643	1
642	1
641	3
640	1
639	2
638	3
637	2
636	2
635	2
633	1
632	2
631	1
630	2
629	2
628	3
627	3
626	2
625	3
624	4
623	3
622	3
621	1
620	2
619	4
618	1
616	1
615	3
614	1
613	1
612	2
610	1
608	2
607	5
606	1
605	3
604	3
603	1
601	1
600	2
599	1
598	3
597	3
596	1
595	1
594	2
593	1
591	3
589	1
588	3
587	1
586	3
585	3
584	3
582	2
581	3
580	1
579	4
578	2
577	2
574	2
573	5
572	2
571	1
570	2
569	1
568	2
567	2
566	1
565	2
564	2
563	2
562	1
561	3
560	3
559	1
558	1
557	5
555	2
553	1
552	1
550	2
549	2
548	2
547	4
546	1
545	2
544	3
543	1
542	4
540	4
539	1
538	3
537	2
535	2
534	1
533	1
532	1
530	1
529	2
528	1
527	1
526	2
525	2
522	2
521	2
520	2
519	3
518	2
517	4
515	1
514	1
512	1
510	2
509	3
507	1
506	1
505	2
504	1
503	1
502	3
501	2
500	2
499	2
498	2
497	1
496	5
495	2
494	4
493	2
492	1
488	3
487	2
486	1
485	3
484	3
482	1
481	1
480	2
479	2
478	1
476	2
474	1
473	2
472	1
471	1
470	1
469	2
468	2
467	1
466	2
465	4
463	2
462	2
461	4
460	2
459	3
458	2
457	1
456	2
455	1
454	1
453	1
452	2
450	1
449	2
448	1
447	2
445	3
444	2
442	4
440	2
437	3
436	3
435	2
434	1
433	1
432	2
431	4
430	2
429	1
428	3
427	3
426	3
424	4
423	1
422	2
419	1
417	3
416	4
415	1
414	2
411	1
410	2
409	1
408	1
407	2
406	1
405	2
404	4
402	1
401	3
400	5
398	1
397	1
396	3
395	2
394	1
393	1
392	4
391	3
389	1
388	1
387	2
385	1
384	1
383	5
381	1
380	1
379	3
378	1
377	2
376	1
374	1
373	1
372	2
370	1
369	2
368	1
367	2
366	1
364	3
363	1
360	2
359	1
358	1
357	1
356	3
355	1
353	2
352	6
351	2
349	3
348	1
346	1
343	3
342	2
341	1
340	2
339	1
338	1
336	2
335	2
334	2
333	1
332	1
331	2
330	2
328	2
326	1
325	1
324	2
322	2
321	1
319	2
318	3
317	1
316	3
315	2
313	3
312	2
311	1
310	2
308	3
307	3
306	2
302	4
301	4
300	1
299	2
298	4
297	2
296	1
295	1
294	2
293	2
292	2
291	4
290	4
289	1
288	1
287	2
286	3
285	4
283	2
282	1
281	1
279	3
278	2
277	6
276	1
275	1
274	2
273	1
272	1
271	5
270	1
269	2
268	3
267	2
266	1
265	1
264	1
263	1
262	3
261	2
260	1
259	2
258	4
257	3
256	2
254	2
253	2
252	1
251	1
250	1
249	1
248	2
247	4
246	1
245	1
244	1
243	3
242	2
241	2
239	1
236	3
235	1
234	1
233	1
232	1
231	4
230	4
229	2
228	1
227	2
226	1
225	3
224	4
223	1
222	3
221	4
220	1
219	4
218	2
217	1
216	1
215	3
213	1
212	1
211	1
210	1
208	2
207	3
206	1
205	1
204	1
203	2
202	3
201	1
200	2
