180
300
210	8
209	3
208	3
207	4
206	1
205	2
204	4
203	8
202	4
201	4
200	6
199	3
198	4
197	5
196	7
195	6
194	7
193	3
192	11
191	5
190	8
189	8
188	6
187	7
186	5
185	5
184	3
183	9
182	6
181	4
180	4
179	5
178	2
177	2
176	4
175	6
174	2
173	3
172	6
171	3
170	9
169	6
168	7
167	10
166	6
165	4
164	3
163	3
162	9
161	5
160	6
159	2
158	7
157	2
156	10
155	11
154	8
153	6
152	1
151	6
150	1
149	6
148	8
147	2
146	1
145	7
144	13
143	5
142	10
141	7
140	9
139	4
138	7
137	3
136	5
135	4
134	10
133	6
132	5
131	7
130	8
129	3
128	2
127	5
125	12
124	6
123	6
122	3
121	9
120	7
119	4
118	3
117	1
116	4
115	5
114	5
113	5
112	5
111	4
110	13
109	4
108	3
107	3
106	6
105	5
104	1
103	3
102	3
101	7
100	2
99	9
98	7
97	8
96	1
95	4
94	6
93	6
92	4
91	6
90	4
89	5
88	5
87	8
86	11
85	10
84	4
83	7
82	5
81	7
80	7
79	7
78	4
77	5
76	4
75	4
74	6
73	6
72	4
71	7
70	7
69	10
68	6
67	2
66	3
65	10
64	3
63	5
62	7
61	7
60	9
59	8
58	2
57	8
56	9
55	5
54	5
53	5
52	5
51	7
50	6
49	8
48	10
47	8
46	6
45	6
44	3
43	4
42	5
41	3
40	5
39	8
38	5
37	11
36	9
35	3
34	4
33	6
32	6
31	2
30	4
