266
500
400	2
399	2
398	1
396	3
395	1
393	1
392	2
390	3
389	1
388	2
387	2
386	3
384	3
383	1
382	1
381	1
380	4
379	2
378	1
377	2
376	2
375	2
373	3
372	3
371	2
370	1
369	1
366	1
365	1
363	2
362	2
360	2
359	5
358	1
357	2
356	2
354	2
352	1
351	1
350	2
349	3
347	3
346	2
345	1
344	2
343	1
342	2
341	4
339	1
338	2
337	1
336	2
334	1
333	3
332	2
331	2
330	2
329	2
328	2
327	1
326	3
325	2
324	2
323	1
322	2
321	2
320	3
319	2
318	2
315	3
314	4
313	3
312	3
311	1
310	2
309	2
307	1
306	3
305	2
304	1
302	1
301	1
300	3
299	4
298	1
296	1
295	2
294	1
293	3
292	2
291	1
290	2
289	2
288	1
286	2
284	4
282	1
281	2
280	1
279	1
278	2
275	3
274	2
272	2
271	1
269	1
267	1
265	1
264	1
263	1
259	1
258	2
257	2
256	2
254	3
253	1
251	1
246	1
243	4
241	3
240	1
239	2
238	2
237	1
236	3
234	1
233	1
232	4
230	1
229	2
228	2
226	1
225	2
224	1
223	4
220	2
219	5
217	2
216	4
215	1
214	2
213	1
212	3
211	2
210	1
209	2
208	1
207	2
205	1
203	5
202	1
201	2
200	1
198	4
197	1
196	3
195	1
194	2
193	3
191	2
190	1
189	5
188	1
186	3
185	3
184	1
183	1
180	2
179	5
178	1
176	1
174	2
173	1
172	3
171	1
170	2
169	1
167	3
166	2
165	1
163	2
162	1
161	1
160	3
159	3
158	1
157	1
156	1
154	3
151	1
150	1
149	1
147	1
146	1
144	1
142	2
141	1
140	2
138	1
137	1
136	4
134	4
133	1
132	2
131	2
130	3
129	1
128	2
125	2
124	2
123	4
122	1
121	2
118	2
116	1
115	1
114	3
112	3
111	2
110	1
109	2
108	2
107	1
106	1
105	2
104	1
102	1
101	2
99	2
96	1
95	1
94	1
92	1
91	1
90	2
89	2
88	1
86	2
84	1
83	1
81	1
80	4
79	1
78	1
77	5
76	2
75	3
73	2
72	1
71	1
69	4
68	1
67	2
66	1
65	2
63	1
62	3
60	2
59	2
58	2
57	1
56	1
55	1
53	2
52	1
51	1
