396
750
600	2
599	4
598	1
597	1
596	2
595	3
594	4
593	6
591	2
590	2
589	4
588	2
587	1
586	2
585	3
584	2
583	3
582	4
581	1
579	2
578	4
577	2
576	4
575	2
573	1
570	1
569	3
568	2
566	6
565	5
564	1
563	1
562	1
560	2
559	3
558	2
557	4
556	1
554	1
553	6
552	2
551	5
550	4
549	3
548	4
547	1
545	1
544	2
543	4
542	3
540	2
539	1
538	1
537	3
536	3
535	1
534	2
533	4
532	1
531	5
530	2
529	3
528	1
527	3
526	2
525	2
524	4
523	2
522	2
521	3
520	4
518	3
516	3
514	3
513	3
512	2
511	1
510	1
509	1
508	1
507	5
506	3
505	3
504	3
503	1
502	3
501	3
500	2
499	5
498	1
497	1
495	3
494	4
493	5
492	2
491	4
490	1
488	1
487	3
486	1
485	2
484	3
483	3
481	4
480	2
479	2
478	1
477	2
474	1
473	1
472	1
471	1
470	5
469	5
468	2
467	4
466	2
465	6
464	1
463	4
462	7
461	1
460	3
458	2
456	5
453	2
452	2
451	1
450	4
449	3
448	2
447	1
446	2
445	1
444	1
443	1
442	3
440	4
439	1
437	4
436	2
435	3
434	1
433	1
432	4
431	3
430	1
428	3
427	1
426	2
425	2
424	4
423	2
422	4
421	5
420	2
419	1
415	2
414	2
413	4
412	2
411	4
410	1
409	1
408	4
407	3
405	6
404	2
403	3
402	2
401	1
400	4
399	2
398	3
397	1
396	1
395	3
394	3
393	6
392	4
391	1
390	2
389	1
388	1
387	2
386	1
385	4
384	3
383	1
382	2
381	3
380	5
379	2
378	2
377	4
375	4
374	5
373	2
372	1
371	3
370	4
368	1
367	1
366	3
365	2
364	4
363	2
362	3
361	3
360	2
359	1
358	2
357	1
356	2
355	2
354	4
352	3
351	2
350	1
349	3
348	1
347	3
346	6
345	3
344	5
343	1
342	2
341	5
339	3
338	2
337	4
336	2
335	2
334	2
333	5
332	5
331	1
329	1
328	6
327	2
326	3
325	1
324	2
322	4
321	6
320	2
319	1
318	3
317	2
315	2
314	2
313	4
311	1
310	5
309	2
308	2
307	2
305	2
304	2
303	1
302	1
301	6
300	2
299	4
298	1
297	1
296	3
295	2
294	5
293	2
292	1
291	5
290	1
289	4
288	2
286	4
285	2
284	2
283	1
281	1
280	3
279	1
278	3
277	2
276	2
275	1
274	1
273	2
272	3
271	3
270	2
269	2
267	1
266	2
265	2
264	2
261	4
260	3
259	4
258	3
257	4
256	2
255	3
254	2
253	1
252	2
251	1
250	2
249	2
248	4
247	5
246	1
245	1
242	1
241	1
240	2
239	5
238	1
237	3
236	2
234	4
233	2
232	3
231	2
230	1
229	2
228	3
227	2
226	2
225	2
224	2
223	6
222	3
221	3
220	1
219	2
218	3
217	1
216	2
215	1
214	1
213	4
212	4
211	1
210	3
209	2
208	1
207	2
206	6
205	1
204	1
203	1
202	1
200	5
199	2
198	2
197	1
196	6
195	4
194	1
193	5
192	1
191	3
190	1
189	2
188	4
187	4
186	5
185	2
184	3
183	2
181	4
179	3
178	3
177	2
176	2
175	1
173	5
172	4
170	4
168	5
166	2
165	2
164	1
163	1
161	2
160	3
159	1
157	2
156	3
155	1
154	2
153	3
152	4
151	3
150	1
