263
400
320	3
319	1
318	5
317	1
316	2
315	5
314	2
313	6
312	3
311	2
310	5
309	1
308	3
307	1
306	2
305	1
304	3
303	2
302	2
299	4
298	1
297	4
296	6
295	3
294	6
292	2
291	2
290	1
289	5
288	3
287	2
286	2
285	3
284	4
283	3
282	4
281	4
280	3
279	1
278	3
277	4
276	1
275	4
274	3
273	1
272	3
271	2
270	2
269	3
268	2
267	2
266	2
265	4
264	6
263	2
262	4
261	4
260	1
259	1
257	3
256	3
255	2
254	3
253	4
252	8
251	4
250	1
249	2
248	3
247	5
246	2
245	2
244	2
243	2
242	2
241	2
240	7
239	3
238	7
237	4
236	3
235	4
234	2
233	2
232	1
231	1
230	2
229	2
228	5
227	1
226	2
225	3
224	1
223	4
222	3
221	4
220	3
219	2
218	2
217	5
216	2
215	3
214	4
213	1
212	5
211	1
210	1
209	3
207	2
206	2
205	5
204	1
202	3
200	3
199	3
198	3
197	3
196	4
195	3
194	2
193	1
192	1
191	1
190	2
189	4
188	2
186	3
185	6
184	1
183	1
182	3
181	3
180	5
179	4
178	6
177	1
176	1
175	2
174	1
172	1
171	4
170	6
169	3
168	4
167	5
166	2
165	4
164	1
163	3
162	3
161	2
160	5
159	3
158	5
157	4
156	2
155	4
154	3
153	3
152	2
151	2
150	2
149	2
148	3
147	3
146	5
145	4
144	3
142	1
141	3
140	4
139	1
138	1
136	3
135	1
134	2
133	3
132	3
131	6
130	1
129	3
128	4
127	1
124	3
123	2
122	2
121	3
120	6
119	4
117	5
116	3
115	2
114	3
113	5
112	6
111	2
110	1
109	3
108	4
107	2
105	1
104	2
103	2
102	2
101	1
100	3
99	4
98	1
97	2
96	4
95	4
94	2
93	1
92	3
91	3
90	2
89	6
88	3
87	1
86	5
85	5
84	1
83	3
82	4
81	7
80	3
79	1
78	4
77	3
75	1
74	5
73	1
72	2
71	3
70	2
68	1
67	1
66	2
65	2
64	3
63	2
62	3
61	2
60	2
59	2
58	1
57	5
56	3
55	1
54	2
53	4
52	4
51	3
50	2
49	2
48	2
47	5
46	8
45	2
44	3
43	3
42	2
40	3
