280
750
594	1
592	1
591	1
587	3
585	1
582	1
581	1
578	1
576	1
575	2
570	2
569	2
567	1
566	2
563	3
562	2
561	1
560	1
559	2
558	2
555	1
554	1
553	3
551	1
547	1
546	1
545	2
544	3
543	1
540	1
539	1
538	1
537	1
536	1
533	1
531	2
530	1
526	2
525	1
524	1
521	1
519	2
516	1
513	2
511	3
510	1
508	3
507	3
504	1
501	1
500	1
497	2
494	1
491	1
490	3
489	1
483	1
482	2
481	1
479	2
478	1
477	3
476	3
475	2
474	1
471	1
470	2
465	2
464	1
461	1
460	1
458	2
456	1
454	1
453	1
452	2
451	1
448	2
447	2
446	1
445	1
442	1
439	1
437	1
436	1
435	1
434	2
431	1
430	2
429	2
427	2
423	1
421	3
417	1
416	1
414	1
413	1
412	1
409	1
408	1
405	1
404	1
402	1
401	1
400	1
398	2
396	1
394	2
393	2
388	1
383	1
382	2
380	6
378	5
377	2
373	1
371	1
368	1
367	1
364	1
363	1
362	1
361	2
360	1
359	1
358	1
357	2
355	1
354	2
353	1
352	1
351	1
350	1
349	1
347	1
346	1
343	1
342	1
341	1
340	1
339	1
338	1
337	1
336	2
335	2
332	1
331	1
326	1
324	1
323	1
322	1
318	2
317	1
314	1
313	1
311	1
310	2
307	1
301	1
300	1
298	2
297	1
295	2
294	1
293	1
292	1
290	1
289	1
288	1
286	1
285	2
284	2
283	2
282	1
281	2
277	1
273	1
270	1
269	2
268	1
266	4
265	2
264	1
262	2
261	1
256	2
255	1
252	1
250	1
248	1
245	2
244	2
243	2
242	1
240	1
238	2
237	1
236	2
235	1
234	1
230	1
229	1
227	1
226	2
224	1
222	2
220	2
216	1
215	3
213	2
212	1
211	1
207	1
204	1
202	1
201	1
199	1
198	1
197	2
194	2
193	1
192	3
187	1
185	1
177	1
175	2
173	2
172	2
171	1
168	1
166	1
163	1
160	1
158	2
157	1
156	4
155	1
154	1
153	2
152	2
150	1
145	1
144	1
142	2
139	2
136	1
135	1
132	2
131	1
130	1
129	1
128	3
125	1
124	1
121	2
120	1
119	2
117	1
113	1
110	1
108	3
107	2
106	2
105	1
101	1
99	1
97	1
95	3
94	1
89	1
88	1
87	1
85	1
84	1
82	1
81	2
80	1
79	1
77	1
75	1
