338
1000
698	2
695	1
693	1
691	3
689	1
688	1
687	1
684	1
683	2
681	1
680	1
677	2
675	1
674	1
671	1
666	3
665	1
664	1
662	1
657	2
656	1
655	1
654	2
652	1
649	3
647	1
645	1
639	2
638	3
637	1
634	2
633	1
632	5
631	1
628	1
626	1
624	2
621	2
618	2
615	1
612	3
611	1
610	2
608	1
606	3
602	2
600	1
597	2
596	1
595	2
593	1
591	2
590	1
589	1
588	1
587	3
583	1
580	3
579	1
577	3
573	1
572	1
569	1
562	1
561	2
559	1
558	2
557	1
554	2
552	1
551	2
550	1
549	1
548	1
546	1
543	1
542	1
540	1
539	3
537	1
536	3
535	3
534	2
532	3
526	1
524	2
523	3
522	1
521	1
520	2
517	1
515	1
512	1
511	2
510	1
509	2
508	1
504	2
502	1
500	3
497	1
496	2
495	2
494	1
493	1
492	2
490	3
489	1
488	1
487	1
486	2
485	1
483	1
482	2
481	1
478	4
476	2
473	1
472	1
471	2
469	1
467	1
465	1
463	1
462	2
459	1
457	1
456	1
455	2
454	2
452	1
450	2
448	1
447	1
445	1
444	2
443	1
442	2
440	1
438	1
437	1
435	1
433	1
432	1
431	1
430	2
429	1
427	1
424	1
422	3
420	1
415	2
414	2
413	2
412	1
411	1
410	1
409	2
408	2
406	1
404	1
402	1
400	4
398	1
396	2
393	1
391	3
389	1
388	2
386	1
382	3
381	2
378	1
377	1
374	1
373	3
372	3
371	1
369	1
367	2
366	1
364	1
363	2
362	2
360	2
359	2
358	1
356	1
354	1
352	1
350	1
349	1
348	1
346	2
343	1
342	1
341	1
340	1
338	2
337	1
335	1
333	3
332	1
331	1
329	2
328	1
327	1
325	1
324	1
323	2
322	2
321	1
320	1
318	1
317	2
314	1
313	2
310	1
307	1
306	1
305	2
303	3
302	1
301	2
300	2
297	1
294	2
292	1
291	1
289	1
286	2
283	2
282	1
281	1
277	1
276	1
273	1
271	1
268	1
267	1
266	1
265	2
264	2
263	1
262	3
261	1
259	1
258	1
257	1
256	2
254	1
252	1
251	2
250	1
248	1
247	1
246	1
243	1
240	1
239	1
238	1
237	1
236	2
234	1
233	1
232	1
231	1
227	2
226	1
225	2
222	1
221	2
218	2
217	1
215	1
213	2
212	2
209	1
207	1
204	2
203	1
202	1
200	2
199	1
197	2
195	2
194	2
190	1
189	1
185	2
184	1
183	1
180	3
178	1
176	1
175	1
174	1
173	1
172	2
169	3
168	2
167	1
166	1
164	2
163	2
162	1
159	1
158	2
156	1
153	1
151	1
150	1
149	1
147	3
145	1
144	1
143	1
140	1
139	1
138	3
137	1
136	1
135	1
133	1
132	1
130	2
128	1
124	2
122	1
116	1
115	1
111	2
109	1
108	2
106	3
104	2
101	3
100	1
