88
400
318	1
317	1
316	1
311	1
310	2
303	1
302	1
301	1
299	1
298	1
286	1
285	2
284	1
283	1
280	1
279	1
273	1
268	1
264	1
263	1
260	1
255	1
248	1
247	1
239	1
236	1
235	1
234	1
233	1
231	1
228	1
227	1
223	2
219	1
214	1
211	1
208	1
204	2
198	1
197	1
196	2
194	2
188	2
187	1
182	1
181	1
179	2
176	1
175	1
174	1
168	1
159	1
158	1
154	1
153	1
146	1
143	1
142	2
141	1
140	1
138	1
134	1
131	2
127	1
126	1
122	1
120	1
118	1
116	1
110	1
107	1
101	1
90	2
86	1
85	1
84	1
83	1
81	1
72	1
71	1
69	1
68	1
63	1
62	1
56	1
54	2
48	1
43	1
