188
300
240	4
239	1
238	2
237	3
236	6
235	2
234	1
233	4
232	3
231	2
230	4
228	2
227	2
226	3
224	3
223	6
222	3
221	1
220	1
219	2
218	1
217	3
216	7
215	3
214	2
213	3
212	2
211	1
210	3
209	5
208	6
207	1
206	1
205	3
204	2
203	1
202	2
201	1
200	2
199	1
198	1
197	2
196	4
195	1
193	2
192	3
191	1
190	4
189	1
188	1
187	3
185	1
184	3
183	1
182	5
181	1
180	5
179	4
178	1
177	4
176	1
175	3
174	5
173	2
171	6
170	1
169	5
167	4
166	1
164	4
161	4
160	2
159	3
158	3
157	5
156	3
155	2
154	1
152	3
151	3
150	3
149	3
148	2
147	3
146	1
145	3
144	2
143	6
142	4
141	4
140	1
139	5
138	2
137	4
135	3
133	2
132	5
131	1
130	2
129	3
128	6
127	5
126	1
125	1
124	4
123	1
122	2
121	3
120	1
119	4
118	1
117	2
115	6
114	5
113	6
112	3
111	1
110	3
109	1
108	1
107	2
105	2
104	2
103	1
102	1
101	1
100	1
99	4
98	3
97	4
96	2
95	2
94	4
93	3
92	1
91	4
90	4
89	3
88	2
87	2
86	2
85	4
83	5
82	2
80	3
79	5
78	3
75	2
74	3
73	1
72	3
71	4
70	1
69	2
67	8
66	4
65	1
64	1
63	1
62	3
61	2
60	1
58	1
57	4
56	3
55	2
54	3
53	4
52	3
51	1
50	1
49	2
47	1
45	1
44	2
43	1
42	3
41	2
40	1
39	1
38	1
37	4
36	4
35	3
34	6
32	2
31	3
30	2
