145
500
346	1
344	1
343	1
341	1
335	1
332	1
328	2
327	1
326	1
324	2
322	1
321	1
320	1
319	1
318	1
313	1
312	1
310	2
309	1
305	1
304	2
303	1
302	2
301	1
300	1
297	1
296	2
295	1
293	1
288	2
285	1
284	2
283	1
282	4
279	3
278	1
277	2
276	1
275	1
271	1
266	2
263	1
262	1
259	1
257	1
256	4
254	1
253	1
249	1
248	1
244	1
240	1
238	1
235	2
228	1
226	1
224	3
218	3
217	1
216	1
215	2
212	1
210	1
209	1
207	2
203	2
202	1
201	2
199	1
197	2
195	1
194	2
193	1
191	2
190	1
189	1
188	2
187	1
186	1
185	1
184	1
183	1
181	1
178	2
177	1
175	2
174	1
173	2
167	1
166	1
164	1
163	2
162	1
159	1
154	1
153	2
152	1
151	1
148	1
147	1
146	1
145	1
143	2
141	1
139	1
136	1
133	1
131	1
129	1
127	1
126	2
124	1
119	1
118	1
116	1
115	1
113	3
112	2
111	2
108	1
107	1
103	1
101	3
100	1
99	2
94	1
93	2
92	1
90	1
87	2
86	3
85	1
84	1
82	1
80	2
79	1
75	2
68	1
67	1
65	1
60	2
55	3
54	2
52	1
50	1
