288
500
350	7
349	3
348	1
347	3
345	3
344	3
343	3
342	2
341	5
340	6
339	2
338	2
337	5
336	5
335	4
334	3
333	7
332	1
331	2
330	3
329	1
328	3
327	2
326	2
325	5
324	2
323	6
322	1
320	5
319	6
318	2
317	4
316	2
315	3
314	2
313	4
312	3
311	2
310	3
309	3
307	5
306	3
305	1
304	1
303	3
302	2
301	4
300	3
299	2
298	3
297	4
296	3
295	4
294	5
293	5
292	6
291	2
290	2
289	3
288	3
287	5
286	4
285	9
284	3
283	5
282	6
281	3
280	2
279	5
278	4
277	2
276	4
274	4
273	2
272	3
271	2
270	5
269	2
268	1
267	4
266	5
265	3
264	6
263	6
262	2
261	4
260	3
259	2
258	4
257	2
256	4
255	4
254	2
253	1
252	3
251	6
250	5
249	3
248	3
247	3
245	5
243	4
242	3
241	1
240	3
239	4
238	3
237	4
236	3
235	5
234	4
232	2
231	4
230	4
229	1
228	3
227	3
226	3
225	1
224	6
223	1
222	1
221	3
220	2
219	4
218	2
217	3
216	2
215	2
214	2
212	2
211	2
209	2
208	5
207	3
206	6
205	3
204	2
202	5
201	4
200	4
199	3
198	1
197	9
196	4
195	3
194	4
193	1
192	2
191	2
190	1
189	1
188	3
187	2
186	3
185	3
184	7
183	8
182	4
181	3
180	2
179	4
178	2
177	2
176	4
175	4
174	6
173	5
172	5
171	4
170	5
169	9
168	4
167	3
166	2
165	2
164	2
163	5
162	2
161	2
159	5
158	1
157	1
156	7
155	6
154	4
153	2
152	1
151	4
150	6
149	2
148	3
147	6
146	5
145	4
144	1
143	3
142	5
141	1
140	4
139	3
138	4
137	5
136	2
135	6
134	3
133	5
132	8
131	2
130	5
129	1
128	5
127	1
126	4
125	2
124	5
123	5
122	3
121	5
119	6
118	2
117	1
116	5
115	4
114	2
113	1
112	2
111	3
110	4
109	4
108	3
107	4
106	5
105	4
104	4
103	1
102	5
101	6
100	3
99	4
98	3
97	3
96	5
95	4
94	4
93	3
92	4
91	2
90	1
88	3
87	2
86	2
85	2
84	3
83	1
82	7
81	4
80	9
79	6
78	1
77	5
76	5
75	3
74	5
73	2
72	3
71	4
70	5
69	3
68	4
67	1
66	4
65	5
64	3
63	2
62	5
61	7
60	1
59	2
58	5
57	5
56	6
55	5
54	2
53	4
52	2
51	5
50	5
