439
1000
699	1
698	1
697	2
696	1
695	1
694	2
692	4
691	2
690	1
686	2
685	1
684	2
682	1
681	1
680	1
678	1
677	2
676	2
673	2
672	1
671	3
670	1
668	3
667	1
665	1
664	2
663	1
662	1
661	1
660	1
659	1
658	1
657	1
655	2
653	1
652	1
651	1
650	1
649	1
648	1
647	3
646	1
644	4
642	1
641	1
640	4
639	2
638	1
637	1
636	2
634	1
633	1
632	2
631	1
630	4
628	2
627	2
626	2
625	2
624	1
622	2
621	3
619	4
618	2
617	1
616	1
614	1
612	2
609	2
608	4
607	1
605	1
604	3
603	1
602	2
598	1
597	2
595	2
594	1
593	1
592	1
591	2
590	3
589	1
588	3
584	2
583	1
582	1
581	2
578	2
577	2
576	2
575	1
574	2
573	2
570	1
569	1
568	2
567	1
564	1
563	2
562	2
561	1
560	2
558	2
557	1
556	3
555	4
552	2
551	1
550	1
549	2
548	1
547	1
546	1
544	2
543	1
542	2
541	2
540	4
538	1
537	3
536	1
535	1
534	2
533	3
532	1
530	1
529	2
528	2
527	1
522	1
521	2
520	1
519	1
518	2
517	1
516	1
515	2
514	1
513	2
512	1
509	2
508	1
507	1
505	4
504	1
502	1
501	1
499	1
497	3
491	1
490	1
489	1
488	5
487	2
486	2
485	1
484	2
483	1
482	1
481	2
479	3
478	1
477	2
476	1
474	1
473	2
471	2
469	1
467	2
466	5
465	1
463	3
462	1
461	1
458	1
457	1
454	3
452	1
451	1
450	1
449	2
447	2
446	1
445	1
443	1
442	1
440	1
439	3
438	1
437	2
436	2
435	2
434	1
433	2
432	2
431	1
430	3
429	2
427	1
426	1
423	2
422	2
421	1
420	1
419	2
418	3
417	4
416	1
415	2
414	2
413	3
411	2
410	2
409	1
407	1
406	1
404	6
403	1
402	2
401	1
400	1
399	1
398	2
397	2
396	2
395	1
394	1
393	1
391	1
390	1
388	5
387	1
385	1
384	2
383	1
382	2
381	1
380	1
379	2
378	2
377	3
376	3
374	2
373	1
368	2
367	2
364	1
362	2
359	1
358	1
357	2
356	2
355	1
354	4
353	3
352	2
351	2
348	1
346	2
345	2
344	3
342	1
341	3
340	5
339	1
338	3
337	4
336	2
335	1
334	2
333	1
332	2
331	1
330	1
329	1
328	1
327	1
326	2
325	1
324	1
322	1
321	1
319	2
318	1
317	1
316	2
314	1
313	2
310	1
308	3
307	2
306	1
304	2
302	2
300	3
299	2
298	1
296	1
295	2
293	2
292	1
291	1
289	1
288	3
287	2
286	1
285	1
284	2
283	1
281	1
280	1
279	1
278	1
277	1
275	1
272	2
271	1
269	3
268	1
267	2
266	1
265	1
264	3
263	1
261	1
257	3
254	2
253	2
250	3
249	2
248	3
247	2
246	3
245	3
244	2
243	3
242	1
240	2
238	1
237	3
236	2
235	4
234	4
233	1
232	1
231	3
230	2
229	1
224	1
223	1
221	3
220	1
218	1
216	4
215	1
213	1
211	1
210	3
204	1
203	1
202	3
200	1
198	1
197	1
195	1
194	1
192	1
187	2
185	1
183	1
181	1
180	2
179	3
178	1
177	2
175	2
174	2
173	1
172	1
170	2
169	1
168	1
167	1
166	2
165	1
162	1
161	2
160	1
159	1
158	5
157	2
156	2
155	4
154	4
153	1
152	5
150	1
149	1
147	2
146	1
145	1
144	2
143	2
142	1
141	2
140	2
139	1
138	2
137	1
135	1
134	3
133	1
131	1
129	1
128	2
127	2
125	1
124	1
123	1
122	1
120	1
119	2
118	3
117	3
116	1
115	7
113	1
112	1
110	2
107	1
106	1
105	1
104	2
103	1
102	1
101	1
100	1
