142
500
349	1
347	1
346	2
345	1
344	1
343	1
342	3
341	1
340	1
334	1
333	2
331	1
330	2
328	2
327	1
326	1
324	1
323	1
321	2
320	1
315	1
313	1
312	1
311	1
309	2
308	1
306	1
304	2
302	1
301	3
299	1
298	1
296	2
294	1
292	2
289	1
288	1
287	2
286	1
285	2
284	1
283	1
282	1
281	1
280	2
279	1
278	3
277	2
276	2
272	2
270	1
264	1
263	1
262	1
261	2
260	2
257	1
254	1
253	2
252	1
251	1
250	1
248	1
247	2
245	1
244	2
242	1
241	1
240	1
233	1
231	3
230	1
229	2
226	1
225	2
219	2
218	1
216	1
213	1
212	1
210	1
209	1
208	1
207	2
205	1
202	1
200	1
198	1
196	2
194	1
193	1
189	1
188	1
187	1
186	1
182	1
179	3
176	2
175	2
173	2
172	2
170	1
169	1
168	1
167	1
166	2
165	1
164	1
160	3
159	2
158	1
154	2
153	1
152	3
151	2
148	1
147	1
146	1
145	1
143	2
138	1
137	1
136	1
134	1
131	1
129	2
128	1
126	1
125	2
123	1
121	1
119	1
117	3
116	3
115	1
114	1
112	3
109	2
108	2
106	1
103	1
100	1
