198
500
350	1
349	1
348	3
345	2
344	2
343	2
342	1
341	1
340	2
339	2
338	2
336	5
334	1
332	2
331	2
330	2
329	1
328	3
327	3
326	2
325	2
324	1
320	6
319	1
318	1
317	1
316	1
315	2
314	2
313	3
311	3
310	2
309	2
308	2
307	2
306	2
305	4
304	1
303	3
302	3
301	2
299	2
298	3
297	2
296	2
295	2
293	4
292	3
290	2
289	2
288	1
287	1
286	2
285	4
284	1
283	1
282	4
281	4
279	3
278	2
276	4
275	1
274	2
273	3
271	2
270	1
269	1
267	2
265	2
264	2
263	3
262	1
261	2
260	1
258	2
257	2
256	2
255	2
254	4
253	2
252	2
250	2
249	3
248	2
247	3
245	1
244	1
242	3
241	1
240	4
239	5
238	2
237	3
236	2
235	3
234	3
232	1
231	1
230	2
227	2
226	1
225	2
224	1
223	2
222	2
221	2
220	2
219	1
217	1
216	2
215	2
214	3
213	1
212	2
210	2
209	3
208	2
206	4
205	1
204	2
203	2
201	3
200	2
199	2
198	1
197	1
196	1
193	1
192	3
191	1
190	2
189	1
188	6
187	2
186	3
185	2
183	1
182	1
180	1
179	2
178	2
177	1
176	3
175	2
174	1
173	2
172	2
171	1
169	1
168	2
167	3
166	1
165	1
163	1
160	2
159	2
158	1
156	2
155	1
154	2
153	1
152	1
151	1
150	3
149	1
148	1
147	4
145	2
144	3
143	1
142	1
141	4
136	1
133	3
130	2
129	2
128	1
127	1
126	3
125	3
124	1
123	4
121	1
119	1
118	3
117	3
116	1
115	1
111	1
109	1
108	1
107	2
106	4
105	1
103	1
102	2
101	1
100	5
