207
400
320	1
319	1
316	4
315	4
314	2
312	2
310	1
309	3
308	1
307	1
306	4
305	1
303	2
302	1
301	2
300	1
297	3
296	3
295	1
294	1
293	1
292	3
291	2
289	1
288	1
287	3
286	1
285	5
284	3
283	2
282	1
281	1
280	1
279	2
278	2
277	2
276	3
275	4
274	3
273	2
272	3
270	1
269	4
268	3
267	1
266	2
263	2
262	3
261	2
260	2
259	3
258	4
257	3
255	1
254	1
253	1
252	3
251	5
250	3
248	4
247	2
246	3
245	2
244	5
243	2
242	3
241	4
240	1
239	3
238	3
237	2
236	6
234	2
233	1
232	9
231	1
230	4
229	5
228	1
227	5
226	2
225	2
224	5
223	6
222	5
221	2
220	3
218	1
217	2
216	3
215	2
214	6
213	1
212	1
211	3
209	2
208	2
207	3
206	5
204	3
203	2
201	6
200	2
199	1
198	1
196	1
195	2
194	1
193	2
192	1
191	2
190	2
188	2
187	2
185	4
184	5
182	1
181	1
178	1
177	3
176	3
175	1
174	2
173	4
171	1
170	3
169	1
168	1
167	4
166	2
165	4
164	2
162	1
161	2
160	1
159	3
158	1
157	1
156	5
155	7
154	3
153	1
152	3
151	2
150	5
149	4
148	2
147	3
146	1
144	3
143	2
142	4
141	4
140	2
139	1
138	1
137	2
136	2
134	2
133	1
132	2
131	3
130	2
129	1
128	2
127	2
126	2
125	3
123	3
122	4
121	3
120	1
119	2
118	1
117	6
116	3
115	1
114	2
113	4
112	4
111	1
110	3
109	2
107	2
106	2
104	3
103	4
101	4
100	3
99	2
98	1
97	3
96	3
95	2
93	1
92	1
91	1
90	1
89	2
88	1
87	3
86	2
85	1
84	2
82	1
81	1
80	2
