113
200
160	2
159	2
158	3
157	1
156	2
155	5
154	4
153	3
152	2
151	4
150	3
149	5
148	4
147	3
145	2
144	3
143	2
142	7
141	6
140	2
137	4
136	5
135	3
133	6
132	2
131	5
130	5
129	2
128	3
127	6
125	5
124	4
123	3
122	6
121	4
120	7
119	3
118	4
117	2
116	3
115	2
114	2
113	6
112	5
111	3
110	3
109	2
108	4
107	7
106	3
105	2
104	5
103	2
102	1
101	5
100	4
99	4
98	1
97	4
96	4
95	6
94	3
93	4
92	1
91	2
90	3
89	3
88	6
87	4
86	3
85	5
84	2
83	7
82	2
81	5
80	3
79	4
78	3
77	2
76	4
75	4
74	1
73	2
72	4
71	2
70	1
69	4
66	4
65	3
64	2
63	7
62	5
61	2
60	4
59	5
58	4
57	4
56	5
55	1
54	1
53	2
52	6
51	5
50	6
49	3
47	3
46	6
45	5
44	1
43	5
42	2
41	2
40	1
