162
400
280	2
279	2
278	1
277	2
276	1
275	1
274	1
270	2
269	1
266	1
263	2
262	3
261	1
260	2
256	1
254	1
253	1
251	2
250	2
249	2
245	2
244	1
243	2
242	2
241	3
240	2
239	1
237	2
236	2
235	3
233	4
232	2
230	1
228	1
226	1
224	2
223	1
221	1
220	2
218	1
217	2
214	1
213	1
210	1
209	3
207	2
206	1
205	2
204	4
203	1
202	2
196	2
193	2
192	1
191	2
190	2
189	1
188	1
187	2
186	4
185	1
182	2
180	3
178	1
177	1
174	4
172	1
171	4
170	2
168	1
167	4
166	3
165	2
164	2
162	1
161	1
160	1
158	1
156	1
154	5
153	1
152	2
150	1
149	1
147	1
145	2
144	1
142	1
141	2
140	2
139	1
138	4
134	1
133	3
132	1
131	2
130	1
129	3
127	1
126	2
124	1
123	3
122	1
121	4
120	1
119	2
116	2
115	2
114	2
113	1
111	3
109	1
108	1
107	4
106	3
105	2
104	3
102	1
101	1
100	1
99	1
98	3
97	3
94	1
93	1
91	2
88	4
86	2
83	2
81	3
80	4
79	1
78	2
77	1
76	2
75	3
74	2
73	4
72	3
71	1
70	1
69	2
67	2
66	1
63	1
61	1
60	2
59	1
57	3
56	1
55	2
54	1
53	3
52	3
50	2
49	4
48	1
47	1
44	2
43	1
41	1
40	2
