221
500
350	3
349	3
348	1
347	2
346	3
345	1
344	1
342	3
340	5
339	2
338	1
337	1
335	1
334	2
333	5
331	1
330	1
329	1
328	2
327	5
326	2
325	1
323	2
322	2
321	4
320	3
319	1
318	3
317	6
315	2
314	2
312	2
311	2
310	2
309	1
308	3
307	2
306	2
305	1
304	2
303	5
302	1
301	1
300	1
298	1
297	1
296	1
295	1
294	4
293	1
292	1
291	2
290	2
289	3
288	3
287	2
286	2
285	1
284	1
283	1
282	2
281	3
280	4
279	2
278	3
277	2
276	2
275	5
274	1
273	2
272	3
271	3
270	1
268	4
267	2
266	2
265	2
264	2
263	1
262	2
261	2
259	4
257	3
256	3
255	1
254	3
253	1
251	3
250	1
249	3
248	2
247	4
246	3
245	2
244	4
243	4
242	2
241	2
240	2
239	2
238	3
237	4
236	1
235	2
234	1
233	1
232	2
231	4
230	1
229	3
228	1
227	2
226	2
225	3
224	2
223	1
222	6
221	3
220	2
219	3
218	1
217	4
216	3
214	4
213	2
212	2
210	1
209	4
208	1
207	5
206	1
205	6
204	1
203	2
202	5
201	3
200	1
199	2
198	4
197	2
196	1
194	1
193	2
191	2
189	4
188	3
186	1
185	1
184	2
181	2
180	1
179	2
178	2
177	3
176	3
175	4
174	4
172	1
171	1
170	2
169	1
168	2
167	3
166	4
165	1
164	4
162	4
161	4
158	1
157	2
156	2
155	5
154	2
153	2
152	2
151	3
150	1
149	2
148	1
147	3
144	1
143	3
142	2
141	1
140	2
139	2
138	2
137	2
136	4
135	2
134	1
132	3
131	2
129	3
128	1
127	2
126	2
125	4
124	4
123	2
122	1
121	1
120	2
119	3
118	1
117	1
116	4
115	2
114	2
113	4
112	2
111	2
110	2
109	2
108	2
107	2
106	1
105	1
104	3
101	1
100	1
