208
300
240	6
239	9
238	5
237	4
236	5
235	4
234	5
233	1
232	6
231	3
230	5
229	6
228	3
227	2
226	3
225	3
224	3
223	6
222	7
221	5
220	5
219	2
218	9
217	2
215	4
214	5
213	4
212	6
211	6
210	3
209	7
208	3
207	2
206	7
205	4
204	5
203	2
202	3
201	5
200	8
199	2
198	4
197	7
196	7
195	9
194	1
193	3
192	10
191	4
190	2
189	5
188	3
187	8
186	4
185	5
184	6
183	8
182	8
181	4
180	6
179	6
178	3
177	4
176	3
175	4
174	4
173	3
172	8
171	6
170	3
169	4
168	8
167	9
166	5
165	5
164	2
163	6
162	8
161	6
159	4
158	6
157	4
156	4
155	8
154	4
153	6
152	5
151	3
150	7
149	6
148	2
147	4
146	6
145	5
144	2
143	6
142	7
141	7
140	4
139	5
138	7
137	7
136	6
135	3
134	5
133	2
132	4
131	2
130	6
129	5
128	4
127	4
126	2
125	3
124	5
123	5
122	3
121	7
120	7
119	7
118	2
117	7
116	3
115	4
114	3
113	7
112	4
111	6
110	6
109	5
108	6
107	2
106	8
105	2
104	5
103	2
102	4
100	8
99	1
98	7
97	3
96	3
95	2
94	6
93	8
92	3
91	8
90	6
89	7
88	4
87	2
86	3
85	8
84	5
83	6
82	4
81	4
80	4
79	2
78	9
77	7
76	3
75	5
74	5
73	3
72	3
71	6
70	5
69	2
68	9
67	6
66	5
65	1
64	7
63	4
62	7
61	1
60	1
59	3
58	10
57	2
56	5
55	5
54	5
53	2
52	5
51	7
50	2
49	4
48	5
47	8
46	2
45	6
44	7
43	2
42	5
41	9
40	4
39	2
38	3
37	4
36	5
35	6
34	7
33	5
32	6
31	6
30	4
