217
750
600	1
597	2
596	1
595	1
594	1
592	1
589	3
588	2
586	1
585	3
584	1
583	1
580	1
577	1
574	2
571	1
569	1
568	1
566	3
565	2
564	1
563	2
558	1
556	1
553	1
552	2
551	2
550	2
549	3
548	3
546	3
542	1
537	1
534	3
533	1
531	1
530	1
526	2
522	1
521	1
518	1
517	1
515	1
513	1
511	3
507	1
504	2
503	1
501	1
500	1
499	2
497	2
495	1
493	1
491	1
490	1
487	1
484	1
483	1
479	2
478	2
476	1
475	1
473	1
471	1
470	1
469	1
467	3
466	2
462	1
460	1
459	2
458	2
456	2
455	1
454	1
453	2
450	1
449	1
448	1
444	1
442	2
441	1
438	1
437	1
434	1
432	1
431	1
429	1
428	1
425	1
424	1
423	1
422	2
420	1
417	1
416	1
415	3
414	1
410	2
405	1
399	1
398	1
396	2
394	1
391	1
387	1
385	1
384	1
383	2
379	1
377	1
372	3
370	1
368	1
365	1
363	1
362	3
360	2
358	1
355	1
354	1
353	1
350	1
349	1
348	2
347	1
345	2
343	1
341	3
340	1
339	1
337	1
336	1
330	1
329	1
327	1
326	1
325	2
323	1
321	2
320	2
318	1
315	1
313	1
311	2
309	2
308	1
307	2
306	2
299	2
298	1
297	1
294	1
292	1
291	3
290	1
289	1
282	1
281	1
279	1
276	1
275	1
274	1
271	1
270	1
266	2
263	1
260	2
255	2
254	1
253	2
250	1
249	1
248	1
246	1
244	1
242	1
239	1
238	1
237	1
234	1
231	1
230	1
224	1
222	1
220	1
219	1
218	2
216	2
213	1
207	2
205	3
196	1
195	2
194	1
192	1
191	4
190	1
188	1
184	1
183	1
182	3
180	2
178	1
175	1
174	1
169	1
168	2
167	1
165	1
162	3
161	2
158	1
156	1
154	1
151	1
