461
1000
800	2
799	2
797	1
796	2
795	1
794	3
793	1
786	1
785	1
784	3
783	1
782	4
781	1
780	1
779	1
777	1
776	3
775	2
774	1
772	3
770	4
769	2
768	1
767	1
766	1
763	2
761	1
760	1
758	1
757	1
755	1
752	1
751	1
750	1
749	1
747	1
746	1
743	2
741	2
739	1
737	1
736	2
735	3
733	1
729	1
728	2
727	1
726	2
724	1
723	3
722	3
719	1
718	1
716	1
715	4
714	1
713	1
711	1
710	2
708	1
707	2
706	1
705	2
704	2
703	1
702	1
701	1
699	1
698	3
697	2
693	1
692	1
691	1
690	3
689	3
688	2
687	1
686	1
684	1
683	1
681	3
680	3
678	1
676	1
674	2
673	1
670	1
667	2
666	2
665	1
664	1
663	1
658	1
657	3
654	1
653	1
652	1
651	1
650	1
648	3
647	1
646	1
645	3
644	1
643	1
642	2
640	2
639	1
638	2
637	2
636	1
634	1
633	1
631	3
629	1
628	1
627	3
626	2
624	1
622	2
620	1
618	1
616	2
614	1
613	2
612	2
611	3
610	1
604	1
603	2
601	2
600	1
599	3
597	1
594	2
592	2
589	3
588	2
587	1
586	1
585	1
583	2
581	1
579	4
578	1
571	2
570	1
568	1
567	2
566	2
565	2
564	1
563	1
562	2
561	1
560	1
555	1
553	1
552	1
551	2
550	1
549	1
548	1
547	1
546	1
545	1
544	1
543	2
540	1
539	1
538	2
536	1
534	2
533	2
531	2
530	1
528	1
527	1
525	1
524	2
523	3
522	4
521	1
520	1
517	1
516	1
514	4
512	1
511	1
510	1
509	2
508	1
507	1
506	1
505	4
504	2
502	1
501	1
499	1
498	3
497	1
495	2
493	1
492	1
490	1
488	2
487	3
486	1
483	1
481	1
480	3
478	4
477	1
476	1
473	1
472	1
471	1
469	1
467	2
466	2
465	2
460	2
459	1
458	1
456	2
455	1
454	3
452	3
451	3
450	4
449	1
448	2
447	1
446	2
445	2
444	1
443	1
441	1
440	1
439	3
437	1
436	1
432	1
431	3
428	1
426	3
425	1
424	1
421	1
420	3
419	1
417	1
416	2
413	1
412	1
411	3
407	1
404	1
403	1
402	2
401	4
400	1
398	1
397	1
393	1
392	1
391	1
388	1
386	4
385	1
384	1
381	3
380	1
379	2
376	2
374	1
372	1
369	4
368	2
367	3
366	2
365	1
364	1
360	1
358	1
357	1
356	2
354	1
353	2
352	2
351	2
350	2
349	1
348	3
347	1
346	2
345	1
343	4
342	1
341	1
339	1
338	4
336	2
335	2
332	3
331	1
330	3
329	1
328	1
327	1
326	1
325	1
324	2
323	1
322	1
321	3
320	1
317	2
316	2
315	2
312	2
310	4
307	2
305	1
304	1
303	1
302	5
300	1
299	3
297	1
295	1
294	2
291	2
288	3
287	2
286	1
285	1
284	2
283	1
282	1
281	1
280	2
279	1
277	4
276	1
275	3
273	2
272	2
269	4
268	2
267	3
266	1
265	2
262	2
261	2
259	2
258	1
257	1
256	2
254	2
253	1
252	1
251	2
248	2
247	1
246	1
244	3
243	1
242	1
240	1
237	1
236	2
235	1
234	2
233	1
232	1
231	2
229	2
226	2
225	3
224	1
223	2
221	1
219	4
216	1
215	2
214	2
213	1
212	3
211	1
210	1
209	2
208	1
207	2
206	1
204	1
202	2
201	2
200	1
199	1
198	1
197	1
196	1
195	3
194	4
193	1
191	1
188	2
186	2
183	2
182	2
181	2
179	2
178	1
177	1
176	1
175	3
174	1
172	3
171	1
170	1
168	1
167	1
165	1
163	2
161	2
160	1
158	3
157	3
156	1
155	1
154	1
151	1
149	2
148	3
146	1
145	3
143	1
142	1
141	1
140	1
137	1
136	3
135	1
132	2
131	2
129	1
127	1
126	2
124	2
123	1
122	1
120	2
115	1
114	2
113	1
111	1
108	1
103	1
102	1
101	1
