164
300
210	3
209	3
208	3
207	2
206	1
205	1
204	3
202	1
201	4
200	2
199	1
197	2
196	1
195	3
194	3
193	1
192	2
191	1
190	4
189	3
188	4
187	4
186	3
185	3
184	2
182	5
181	1
180	1
179	1
178	7
177	3
176	1
175	2
174	2
173	2
172	4
171	3
170	3
169	2
168	1
167	2
166	2
165	4
164	2
163	2
161	2
160	3
159	1
158	3
157	1
156	4
155	2
154	2
153	1
152	2
151	3
150	1
149	1
148	3
147	2
146	2
145	5
144	3
143	2
142	5
141	3
140	1
139	4
138	1
136	1
135	1
134	4
133	1
132	3
131	1
129	3
128	1
127	2
126	4
124	3
123	3
122	4
121	4
120	2
118	4
117	3
116	1
112	2
111	2
110	2
109	3
108	4
107	1
106	5
105	2
104	2
103	1
101	2
100	2
99	1
97	3
96	2
95	2
94	1
93	2
92	3
90	1
89	2
88	1
87	2
86	6
85	2
84	4
83	1
82	2
81	3
80	2
79	1
78	1
77	4
76	7
75	1
74	3
73	1
72	4
71	3
70	1
69	5
68	1
67	4
66	1
65	4
64	2
63	2
62	2
61	3
60	3
59	1
58	2
57	4
55	3
54	4
53	3
52	2
51	1
50	2
49	2
48	3
47	5
46	2
45	4
43	1
42	2
41	1
40	2
39	2
38	3
37	1
36	2
35	4
33	3
32	3
31	3
30	2
