147
500
350	1
348	3
346	2
345	1
343	1
340	1
339	1
337	1
336	1
330	1
327	1
326	2
322	1
321	2
317	1
316	1
315	3
313	1
306	3
305	1
304	2
303	3
300	2
299	2
294	1
292	2
290	1
289	1
287	1
286	1
284	1
282	2
281	1
279	1
278	1
277	1
276	1
272	1
271	2
269	1
268	1
266	1
265	1
264	1
262	1
260	1
257	4
256	2
255	3
252	2
250	1
248	1
247	2
244	2
243	1
242	2
241	1
239	1
238	1
237	1
235	2
232	4
231	1
228	1
227	2
226	1
225	1
222	1
219	1
218	2
217	1
216	1
214	2
212	1
208	2
205	1
204	1
202	1
201	1
199	2
197	1
196	2
195	2
189	1
187	1
186	1
185	1
184	1
178	1
175	1
174	1
170	1
168	1
165	1
164	2
163	1
162	2
161	1
157	1
156	1
153	2
151	1
147	2
145	1
144	2
142	1
140	1
139	1
138	1
137	1
132	1
131	1
128	1
125	1
122	1
117	1
116	1
112	2
108	1
105	1
104	2
103	1
97	1
93	1
91	1
90	1
89	2
84	3
83	2
80	1
78	1
77	2
76	2
75	2
74	1
73	1
72	1
71	1
67	1
66	2
65	1
64	1
60	1
59	1
57	1
55	1
54	1
