333
500
400	3
399	4
398	2
397	4
396	3
395	4
394	1
393	6
391	5
390	3
389	3
388	4
387	4
386	2
385	2
384	2
383	4
382	1
381	3
380	2
379	3
378	2
377	4
376	5
375	3
374	3
373	4
372	1
371	1
370	2
369	2
368	4
367	1
365	5
364	5
363	3
362	3
361	3
360	1
359	3
358	1
357	4
356	4
355	2
354	3
353	5
352	2
351	3
350	4
348	2
347	4
346	5
345	4
344	3
343	3
342	4
341	7
340	4
339	2
338	3
337	5
336	3
335	1
334	4
333	6
332	5
331	6
330	1
329	1
328	2
327	1
326	4
325	1
324	1
323	5
322	1
321	2
319	1
318	2
317	2
316	4
315	2
314	3
313	3
312	8
311	3
310	1
309	1
308	5
306	3
305	3
304	2
303	6
302	4
301	4
300	2
299	1
298	1
297	2
296	1
295	4
294	2
293	4
292	2
291	3
290	4
289	3
288	1
287	2
286	4
285	4
284	4
283	1
282	2
281	6
280	2
279	3
278	3
277	2
275	2
274	2
273	3
272	2
271	5
270	4
269	3
268	2
267	3
265	2
264	3
262	5
261	4
260	7
259	2
257	3
256	4
255	3
254	2
253	4
252	1
251	3
250	4
249	6
248	6
247	2
246	2
245	2
244	5
243	2
242	3
241	1
240	1
239	1
238	1
237	1
236	4
235	2
234	5
233	3
232	2
231	3
230	2
229	2
228	2
226	4
225	4
224	3
223	2
222	2
220	6
219	1
218	6
217	4
216	6
215	1
214	7
213	3
212	5
211	2
210	2
209	2
208	4
207	5
206	2
205	4
204	3
203	3
201	4
200	2
199	1
198	3
197	5
196	3
195	3
194	2
193	2
192	3
190	5
189	3
188	5
187	2
186	4
185	4
184	2
183	7
182	3
181	5
180	1
179	2
178	4
177	2
176	3
175	2
174	5
173	2
172	2
171	2
170	3
168	2
167	4
166	2
165	3
164	4
163	2
162	6
161	3
160	1
159	2
158	2
157	2
156	7
155	3
154	2
153	4
152	3
151	4
149	3
148	2
147	4
145	4
144	5
143	2
142	2
141	3
140	1
139	2
138	3
137	4
136	4
135	1
134	3
132	1
131	4
130	2
129	6
128	1
127	2
126	1
125	4
124	2
123	2
122	5
121	1
120	3
119	2
118	4
117	2
116	6
115	2
114	4
113	3
112	3
111	3
110	3
109	2
108	1
107	1
106	2
105	5
104	5
103	2
101	3
100	3
99	5
98	6
97	2
96	2
95	1
94	2
93	3
92	4
91	1
90	4
89	2
88	3
87	4
86	3
85	4
84	1
83	1
82	3
81	2
80	8
79	1
78	2
77	3
76	5
75	4
74	4
73	4
72	2
71	1
70	2
69	2
68	5
67	2
66	1
65	4
64	5
63	3
62	5
61	1
60	2
59	2
58	4
57	1
56	4
55	3
54	2
53	2
52	2
51	2
50	4
