399
750
599	1
598	1
597	3
596	2
595	2
594	1
593	1
592	2
591	2
590	1
589	2
588	1
585	1
584	4
582	4
581	1
580	3
579	2
578	2
577	2
576	3
574	5
573	1
572	2
571	1
570	2
569	2
568	1
567	4
564	1
563	1
560	1
559	1
558	3
557	1
556	2
555	3
553	2
550	1
549	2
547	2
546	2
545	2
544	1
542	1
541	2
540	2
539	2
538	1
537	1
535	1
534	1
533	2
532	2
530	1
529	4
528	2
527	1
524	1
523	1
522	1
520	2
519	2
518	4
517	1
516	1
515	1
514	1
513	2
511	1
510	1
509	1
508	4
507	3
506	2
504	2
503	4
502	1
501	2
500	1
499	4
498	1
497	1
496	2
495	1
494	3
493	3
492	1
491	4
490	2
488	3
487	2
486	1
485	3
482	2
480	2
479	4
478	1
477	2
476	2
475	1
474	2
473	1
472	1
471	1
470	3
469	3
468	2
466	2
465	2
464	1
463	2
461	3
460	3
459	3
458	1
457	2
455	4
454	4
453	1
452	3
451	1
450	2
449	1
447	2
445	2
442	2
441	2
440	2
439	2
438	1
436	1
435	5
434	2
433	1
430	1
429	1
428	1
427	2
423	2
422	1
421	3
420	3
419	1
418	2
416	1
414	1
412	2
411	1
410	1
409	1
407	2
406	4
403	1
402	3
401	3
399	3
398	2
396	1
394	3
393	2
392	2
391	2
390	1
389	3
388	1
385	2
384	2
383	1
382	3
381	3
380	3
379	2
376	1
375	3
374	1
373	2
372	1
371	1
370	2
368	4
367	2
366	1
364	2
363	1
362	1
360	1
358	1
357	2
356	4
355	1
353	2
351	3
350	2
349	1
348	1
346	2
345	3
343	4
341	4
340	5
339	1
338	1
337	2
336	2
334	1
332	1
331	2
330	2
329	1
328	2
327	3
325	1
324	2
323	3
322	1
321	1
320	2
319	1
314	4
313	2
312	2
311	2
310	2
309	4
308	2
307	1
306	2
305	1
304	2
303	1
302	1
300	5
299	3
298	1
297	1
296	4
294	2
293	3
290	2
287	1
286	1
285	1
281	3
280	2
277	3
276	1
274	1
273	2
272	1
271	1
269	3
268	3
267	1
265	1
264	1
263	1
262	4
261	2
260	2
259	1
258	3
257	1
256	2
255	2
254	1
253	2
252	2
251	2
250	5
248	1
247	2
246	3
243	1
242	1
241	3
238	2
237	3
236	1
235	1
234	1
233	1
232	1
231	1
230	1
229	1
227	1
226	3
225	2
224	1
222	2
219	1
218	5
216	3
215	1
214	3
213	4
212	2
210	2
209	2
208	2
207	2
206	1
204	1
202	1
201	1
200	4
199	3
198	1
197	2
195	3
194	5
193	3
192	4
191	1
189	1
188	1
187	2
184	1
183	2
181	1
180	1
179	2
178	1
176	2
174	2
173	2
172	2
171	2
170	1
169	1
168	1
167	1
166	3
165	3
164	1
163	2
162	3
160	1
159	1
158	1
154	3
152	2
151	1
149	1
148	2
147	3
146	1
144	2
143	2
140	1
139	2
138	1
137	1
136	1
135	1
134	1
132	1
131	3
130	1
129	1
128	1
127	2
126	2
125	1
124	4
123	2
122	4
118	2
117	1
115	2
112	2
110	3
107	1
106	1
105	1
104	2
103	1
102	1
100	1
99	1
98	2
97	1
96	1
95	2
94	2
93	3
92	1
89	1
87	2
86	1
85	3
84	1
83	1
82	2
80	1
77	2
76	1
75	2
