269
750
525	2
524	1
523	2
522	2
521	1
517	1
516	1
515	1
514	1
513	3
509	1
508	1
507	1
505	1
504	1
503	3
502	1
500	1
498	2
497	1
495	1
494	1
493	1
489	2
487	2
486	1
485	3
484	1
483	1
482	2
480	1
479	1
478	1
476	1
472	1
470	1
469	1
468	3
465	1
463	1
462	1
461	2
459	2
457	1
455	1
452	1
449	1
448	2
446	2
445	2
444	1
443	1
441	1
438	1
436	2
433	2
432	1
431	1
430	1
429	1
427	2
426	2
424	1
423	3
421	1
420	1
419	1
418	1
412	1
411	1
405	1
402	2
401	1
400	1
399	3
397	2
395	2
394	2
392	1
391	1
389	1
387	1
384	2
383	1
380	2
379	1
378	1
377	1
376	1
374	2
373	1
372	1
371	2
370	3
369	5
368	1
366	4
365	1
364	1
363	1
362	1
361	2
358	2
357	2
355	1
353	2
351	1
350	2
349	2
348	2
347	1
345	2
343	1
342	2
341	2
340	3
338	2
336	2
335	1
334	1
333	1
332	1
331	2
329	1
328	3
326	1
324	3
323	2
322	1
319	1
318	1
317	1
313	1
309	1
308	1
306	1
302	1
300	1
293	2
292	4
291	3
290	1
288	1
287	2
285	2
283	1
279	1
275	2
274	1
271	2
270	1
266	2
264	2
263	2
262	1
261	1
260	3
258	3
257	1
256	1
255	1
252	2
251	2
250	1
249	1
248	1
247	2
245	1
244	2
243	1
242	1
241	1
240	1
239	1
238	1
236	1
235	1
234	2
232	1
231	1
230	5
229	2
228	1
226	2
224	1
223	1
222	1
217	1
216	1
214	1
212	1
211	1
210	1
206	2
205	2
202	2
201	1
197	2
196	1
193	1
192	1
191	3
190	1
189	2
186	2
185	1
183	4
181	1
179	1
178	1
177	1
176	2
174	2
172	2
171	3
170	1
165	1
163	1
162	2
161	3
159	2
158	1
157	1
154	1
153	1
152	2
151	2
150	1
147	1
144	3
143	1
142	1
140	2
138	1
137	2
135	1
134	1
133	1
132	1
131	1
130	1
127	1
126	1
125	2
124	1
122	1
121	2
120	1
117	1
116	1
115	3
113	2
112	2
111	1
110	3
107	1
106	1
104	1
100	1
99	2
94	1
90	1
87	1
84	1
81	1
80	1
79	1
77	3
75	2
