254
750
598	1
596	1
595	1
593	1
590	3
589	1
588	2
583	1
581	1
579	1
578	2
576	2
574	2
572	3
568	1
566	1
564	2
563	2
562	1
558	4
557	1
556	1
554	1
553	4
550	2
549	1
548	1
547	1
546	2
545	2
544	2
543	1
540	1
539	2
538	1
535	2
533	1
531	1
530	3
528	1
527	3
523	1
521	1
519	1
518	1
517	1
516	3
515	2
513	1
512	2
510	3
507	1
506	1
503	1
502	1
501	2
500	2
498	2
496	1
495	1
492	2
491	1
488	1
487	1
484	1
483	1
482	1
481	2
479	4
477	2
476	1
470	1
469	4
468	1
467	2
466	1
465	1
460	1
458	1
457	2
455	1
454	1
450	1
449	1
448	2
447	1
444	1
443	1
441	2
440	1
439	1
438	2
435	2
434	2
431	1
430	3
429	1
427	1
421	1
420	1
418	1
417	1
416	1
411	2
410	1
409	1
408	3
406	1
404	3
402	3
401	3
400	1
399	1
398	1
396	1
395	1
394	1
393	1
391	1
389	1
386	2
385	1
384	1
382	3
381	2
380	1
379	2
378	2
377	2
376	1
374	2
369	1
368	1
365	2
364	1
362	3
360	2
359	2
357	2
356	1
355	1
354	1
353	1
352	3
351	2
350	1
349	1
348	1
346	4
343	1
342	2
341	2
340	1
339	2
337	1
336	2
334	3
332	1
330	1
328	1
327	1
325	2
324	2
321	2
319	1
317	2
316	2
313	3
312	1
310	1
307	1
306	2
303	5
302	1
301	1
300	1
299	1
298	2
296	2
292	1
290	1
288	2
286	1
285	1
284	1
283	1
282	2
281	1
280	2
279	2
277	1
274	5
269	1
267	1
266	2
265	1
263	3
262	3
259	2
258	1
256	1
254	2
253	2
251	1
249	1
243	2
241	1
239	3
238	1
237	2
235	1
234	2
233	1
230	2
228	2
226	1
224	1
222	2
221	2
220	1
219	1
217	2
212	1
211	1
208	1
207	1
206	1
205	2
204	2
203	4
202	2
201	3
200	3
199	1
195	2
193	2
191	2
182	1
181	1
180	1
178	1
176	1
175	1
174	1
169	1
167	1
166	2
163	2
162	2
160	2
157	1
156	2
154	1
152	1
