481
1000
800	1
799	3
798	2
797	3
796	3
795	2
793	2
792	1
791	3
789	3
788	2
786	2
785	4
784	1
783	5
782	1
781	5
780	1
779	1
778	1
777	1
776	1
775	2
774	2
772	3
771	3
770	1
769	1
768	3
767	2
766	1
765	1
764	2
763	2
762	1
761	6
760	1
757	1
756	1
754	2
753	2
751	3
750	1
749	5
748	3
747	2
745	2
744	1
743	2
742	1
741	1
740	2
739	3
738	2
737	2
734	2
733	1
732	3
731	4
729	1
728	2
727	1
726	1
725	2
724	1
723	4
721	2
720	2
719	2
718	4
717	2
715	4
714	2
712	2
711	3
710	1
709	3
707	2
706	6
705	3
704	2
702	2
700	3
699	3
698	1
697	2
696	2
695	2
694	2
693	2
692	1
690	3
688	1
686	1
685	2
684	5
683	2
681	2
680	1
679	1
678	1
677	2
676	1
675	2
674	1
673	2
672	1
671	4
670	2
669	3
668	1
667	1
666	2
665	1
664	3
662	2
659	1
658	2
657	2
655	2
653	2
652	1
651	2
650	2
647	4
646	1
644	3
643	4
641	3
640	3
639	1
638	2
637	3
636	3
635	3
634	1
633	1
632	3
631	3
630	3
629	1
628	2
627	1
626	2
624	2
622	2
620	1
619	3
618	2
616	1
615	3
614	1
613	2
612	2
611	5
610	1
609	1
607	1
606	1
604	1
603	1
602	2
601	2
599	1
598	2
597	2
596	2
595	3
594	4
593	1
592	1
591	4
590	2
587	1
585	1
584	2
583	2
582	3
581	3
580	1
579	3
576	4
574	3
573	1
572	1
571	1
570	4
568	2
567	2
566	3
565	3
564	3
563	3
562	2
559	1
558	2
557	2
556	2
555	1
554	1
553	2
552	1
551	3
550	3
549	1
548	3
547	3
543	1
542	3
541	2
540	1
538	1
537	1
535	1
533	5
532	2
531	5
530	2
529	1
528	3
527	3
526	1
525	1
524	3
523	1
522	2
521	2
520	3
518	1
517	3
516	2
515	1
514	1
513	1
512	3
511	1
510	1
509	5
508	2
506	2
505	1
504	1
503	3
502	4
501	1
500	2
499	3
496	3
495	3
494	2
493	3
492	1
491	1
489	3
488	4
487	2
486	3
485	2
482	3
481	3
480	2
479	2
478	2
476	3
475	1
473	3
472	1
471	1
470	4
469	3
468	3
467	1
466	2
465	2
464	1
463	2
462	1
460	1
459	1
456	1
455	1
454	3
453	2
452	1
450	3
449	4
448	1
446	2
444	1
443	3
442	2
441	1
440	5
439	4
437	2
436	2
435	4
434	1
433	4
432	3
430	2
429	2
428	3
427	3
426	1
425	3
424	3
422	1
421	1
420	3
419	2
417	5
416	1
415	2
414	2
413	3
412	4
411	1
410	2
409	3
408	2
407	2
406	3
405	1
404	1
402	1
400	1
399	1
398	1
397	1
395	1
392	1
391	3
390	2
388	2
387	1
386	4
384	2
383	3
382	2
381	1
380	2
378	3
377	1
376	3
375	3
374	2
373	1
370	2
369	1
368	4
367	1
365	5
364	2
362	2
361	3
360	2
359	2
358	2
357	1
356	3
355	2
354	3
353	6
351	2
350	1
349	2
348	2
346	1
345	1
343	1
342	1
341	2
340	1
339	1
337	2
336	2
335	1
334	1
333	2
332	2
328	4
327	4
326	1
325	1
324	1
323	1
321	3
320	2
319	3
318	1
317	1
316	2
315	1
314	2
313	1
310	3
308	1
307	2
306	4
305	3
304	3
303	1
302	1
301	3
296	3
295	1
293	2
292	1
289	2
288	1
286	2
285	1
284	3
281	4
280	3
279	3
278	1
277	3
275	3
274	1
273	1
269	1
268	2
267	2
266	3
265	3
264	3
263	2
262	5
261	3
260	1
258	2
257	2
256	2
254	2
252	2
251	2
250	1
249	1
248	1
247	2
245	1
244	1
243	1
242	1
241	2
240	2
239	1
238	4
237	1
236	1
235	1
234	2
233	1
232	2
231	2
229	2
228	2
227	3
226	1
225	1
223	3
222	2
221	1
220	1
216	3
215	1
214	2
213	2
212	1
211	3
210	1
209	1
208	1
207	4
205	3
204	5
203	3
201	3
200	3
