301
1000
800	1
797	2
795	1
793	1
792	1
791	1
789	1
788	1
786	1
781	2
779	2
778	2
775	2
771	1
768	1
767	1
766	1
760	1
759	1
758	1
751	1
750	1
749	1
748	1
746	1
742	1
738	1
735	1
733	2
731	1
729	1
723	1
722	1
721	2
718	1
715	2
713	1
712	2
708	1
704	2
701	1
700	3
698	1
697	1
694	1
690	1
689	3
688	1
687	1
686	1
684	2
683	1
682	1
679	2
676	1
674	1
673	1
672	2
670	1
669	1
666	1
664	2
656	2
655	2
647	1
645	1
644	1
640	2
638	1
637	1
634	1
631	1
627	1
626	1
620	1
617	1
616	3
614	1
613	1
611	2
610	2
609	1
607	1
606	2
602	1
601	1
600	1
598	1
594	1
593	1
591	1
590	2
589	2
587	3
585	2
582	1
581	1
580	1
577	1
572	1
569	1
568	2
567	1
565	1
564	1
562	2
561	2
555	1
554	2
553	1
552	2
551	1
548	2
538	1
534	1
532	1
530	1
529	3
528	2
527	3
521	1
520	3
517	2
516	3
515	2
508	1
504	1
503	1
499	1
496	1
494	1
492	1
490	1
488	1
485	1
483	1
482	1
481	1
480	1
476	1
474	1
473	2
470	1
469	1
465	1
464	1
463	1
461	1
456	1
455	2
452	1
451	1
446	1
445	1
443	1
438	1
437	4
434	2
432	2
431	1
430	1
429	1
428	1
424	1
422	2
421	1
419	1
418	1
417	1
415	1
414	1
413	1
406	3
402	1
399	1
397	1
392	1
391	1
388	2
387	3
386	1
384	1
382	1
378	2
376	1
371	2
369	1
368	1
361	1
359	2
358	1
357	1
356	2
351	2
347	1
345	2
343	1
341	1
340	2
338	1
334	1
331	1
330	1
327	1
326	1
319	2
318	1
315	2
314	1
310	1
307	1
306	1
305	1
304	2
302	1
299	1
294	1
287	1
286	1
284	1
281	1
277	1
276	1
275	1
273	1
272	1
267	2
266	1
264	1
263	2
260	1
257	1
255	2
251	1
248	1
247	2
244	1
243	1
242	1
239	1
237	1
235	2
234	2
231	2
227	2
226	1
222	1
221	2
215	1
212	2
211	2
210	1
205	1
202	1
201	2
194	1
191	1
189	2
188	1
184	2
182	1
178	1
176	1
172	1
171	1
170	2
169	1
168	1
167	2
166	2
165	1
162	1
159	1
158	1
157	1
155	2
154	1
153	2
152	1
149	1
147	2
146	1
144	1
143	1
141	1
139	2
134	2
132	1
130	1
129	1
121	1
118	2
113	1
109	4
108	2
105	1
104	2
103	1
102	1
101	1
100	1
