197
400
320	1
319	2
316	2
315	2
314	3
313	1
312	3
311	1
310	5
309	2
308	2
301	1
300	1
298	3
297	1
296	1
295	2
294	2
293	1
291	1
289	1
288	3
287	2
285	2
284	1
283	1
282	1
281	2
280	3
279	5
277	2
276	3
275	3
273	2
272	3
271	1
270	2
269	1
268	2
266	2
265	3
264	3
263	5
262	2
261	2
260	2
259	3
258	3
257	2
256	1
255	1
254	2
253	1
252	2
251	2
250	3
249	2
248	3
247	3
246	1
245	3
244	2
243	1
242	3
241	1
239	2
238	2
237	2
236	2
235	1
234	1
232	1
230	1
229	1
228	2
227	2
226	4
225	1
224	2
223	1
222	3
221	1
220	2
219	1
218	1
217	2
216	2
215	2
214	2
213	1
212	2
211	2
210	1
209	1
208	2
207	1
205	1
204	2
203	1
201	2
200	2
199	3
198	1
197	2
196	4
195	3
194	1
193	1
192	2
191	2
190	4
189	1
188	3
186	1
184	3
183	1
181	5
180	3
178	2
177	3
176	2
174	1
173	2
172	1
171	2
170	1
168	4
167	1
166	1
165	2
164	4
162	3
160	1
159	2
158	3
157	1
156	2
155	1
154	2
153	2
152	3
151	3
150	2
147	1
146	2
145	1
144	2
143	1
141	4
140	2
139	2
137	1
136	2
135	1
134	3
132	2
131	3
130	2
129	1
128	6
127	1
126	2
125	2
124	2
119	1
116	1
114	1
113	1
112	5
111	3
110	2
109	3
108	1
107	5
106	2
105	1
103	3
102	3
101	2
100	3
98	1
97	1
96	1
94	2
93	1
92	2
90	3
89	2
88	1
87	1
86	1
85	4
84	3
83	5
82	4
81	1
80	2
