170
750
598	2
596	1
595	1
594	2
583	1
579	2
578	2
575	1
574	1
568	1
566	1
565	1
555	1
552	1
551	1
547	1
545	1
544	1
542	1
541	1
538	2
537	1
528	2
527	1
524	2
521	1
516	1
514	1
507	1
505	1
499	2
497	1
494	1
493	1
489	1
486	1
485	1
484	1
475	1
470	1
467	1
466	1
463	1
457	1
454	1
452	1
447	1
438	1
436	1
433	2
431	1
430	1
427	1
426	1
421	1
418	2
411	2
410	1
408	2
407	1
398	1
397	1
394	1
392	1
390	1
389	1
387	1
386	1
380	1
378	1
377	2
373	1
372	2
371	1
366	1
365	1
363	1
359	1
358	1
357	1
356	1
355	1
349	1
343	1
339	1
336	1
334	1
333	1
330	1
328	1
326	1
322	1
316	1
313	1
307	1
305	1
304	1
302	1
300	2
297	1
296	1
281	2
280	1
274	1
273	1
271	1
267	1
263	1
262	1
261	1
255	1
254	2
247	2
246	1
241	1
237	1
235	1
234	1
232	1
231	3
228	1
226	1
225	1
222	1
219	1
217	1
216	1
208	1
196	2
195	1
194	2
193	1
191	1
190	2
188	1
182	1
180	1
179	1
178	2
171	2
168	1
167	1
162	1
159	1
157	1
156	1
145	1
143	1
142	1
140	1
138	2
137	1
136	1
134	2
125	1
121	1
119	1
117	1
116	2
110	1
109	2
104	1
103	2
98	1
96	1
93	1
88	1
85	1
79	1
77	1
