100
200
140	7
139	5
138	2
137	2
136	8
135	4
134	5
133	6
132	5
131	7
130	5
129	6
128	5
127	3
126	6
125	6
124	6
123	3
122	8
121	5
120	4
119	5
118	5
117	6
116	3
115	2
114	8
113	3
112	4
111	4
110	4
109	5
108	8
107	4
106	5
105	9
104	3
103	4
102	4
101	2
100	2
99	3
98	4
97	5
96	8
95	3
94	5
93	3
92	3
91	2
90	2
89	6
88	3
87	6
86	3
85	8
84	5
83	7
82	8
81	3
80	4
79	6
78	3
77	7
76	5
75	3
74	7
73	8
72	5
71	9
70	5
69	6
68	5
67	7
66	7
65	7
64	7
63	7
62	3
61	4
60	4
59	10
58	4
57	3
56	9
55	2
54	6
53	8
51	2
50	2
49	6
48	4
47	3
46	3
45	4
44	6
43	5
42	8
41	4
40	7
