181
300
210	5
209	6
208	3
207	10
206	5
205	4
204	7
203	5
202	7
201	5
200	3
199	2
198	6
197	7
196	5
195	2
194	6
193	8
192	4
191	4
190	5
189	1
188	10
187	7
186	2
185	2
184	8
183	4
182	9
181	4
180	7
179	5
178	1
177	9
176	1
175	8
174	3
173	3
172	7
171	5
170	7
169	4
168	2
167	4
166	6
165	3
164	5
163	7
162	8
161	7
160	6
159	9
158	3
157	5
156	5
155	5
154	1
153	5
152	10
151	3
150	7
149	7
148	12
147	5
146	7
145	9
144	7
143	6
142	6
141	4
140	3
139	6
138	4
137	7
136	7
135	6
134	7
133	2
132	4
131	7
130	4
129	4
128	3
127	3
126	2
125	7
124	9
123	5
122	5
121	3
120	4
119	6
118	6
117	2
116	4
115	1
114	11
113	5
112	7
111	6
110	9
109	6
108	2
107	10
106	3
105	6
104	3
103	8
102	8
101	8
100	7
99	6
98	7
97	8
96	5
95	3
94	6
93	4
92	5
91	4
90	6
89	5
88	3
87	5
86	5
85	3
84	4
83	1
82	3
81	2
80	5
79	3
78	4
77	8
76	6
75	5
74	13
73	5
72	5
71	6
70	8
69	6
68	7
67	5
66	3
65	7
64	4
63	11
62	5
61	5
60	2
59	7
58	6
57	8
56	9
55	8
54	6
53	8
52	8
51	8
50	5
49	9
48	8
47	9
46	5
45	7
44	10
43	9
42	4
41	3
40	6
39	4
38	3
37	5
36	3
35	10
34	7
33	5
32	6
31	2
30	4
