440
1000
799	1
798	1
797	2
796	2
795	2
794	1
793	3
792	1
791	1
789	2
788	1
787	1
786	1
785	1
784	1
783	1
781	1
777	1
776	2
775	2
774	1
773	1
772	2
771	2
770	2
769	2
767	1
764	1
763	4
761	1
759	2
758	2
757	1
756	2
755	2
754	1
753	1
750	1
749	1
748	3
747	1
746	4
744	3
743	1
742	1
741	3
738	1
737	3
735	1
732	1
731	1
730	1
729	3
728	1
727	1
726	1
724	3
723	1
722	1
721	2
720	2
719	1
718	2
716	4
713	3
712	1
711	5
710	1
709	5
708	5
705	2
704	2
703	1
702	2
701	3
698	3
695	1
694	4
693	2
692	2
690	2
689	1
688	2
687	2
686	2
685	2
684	1
682	2
681	2
678	1
677	1
675	3
673	2
672	2
670	1
669	2
668	1
666	1
664	1
662	2
661	2
660	1
659	2
658	1
657	1
656	1
654	4
653	1
652	1
649	1
648	2
646	1
644	1
643	1
642	1
641	1
639	2
637	3
636	2
634	2
633	2
632	1
629	1
627	1
626	2
622	1
620	2
618	1
615	2
613	4
612	1
609	2
607	2
606	2
605	1
604	1
602	4
599	2
598	2
597	2
596	1
595	1
593	2
592	3
590	1
587	2
585	2
583	2
582	1
581	1
579	2
577	1
576	4
575	2
573	2
570	1
569	2
567	2
566	3
565	1
564	1
562	1
561	1
560	2
559	1
558	3
556	1
555	3
553	1
552	1
551	1
550	1
549	2
547	1
545	2
544	2
542	2
541	1
540	1
538	2
537	3
536	1
535	1
533	1
530	1
529	1
528	4
527	2
526	3
525	1
524	2
523	2
522	1
521	1
520	2
518	2
517	1
516	1
515	2
514	1
513	4
512	2
510	2
509	3
507	2
505	1
504	1
503	1
502	1
499	2
498	1
497	2
496	2
494	4
492	3
490	1
489	1
486	1
484	1
483	2
482	1
481	1
480	1
479	1
478	2
477	3
476	2
475	3
474	2
473	3
472	1
471	3
470	1
468	4
467	2
466	1
465	2
464	1
463	1
462	2
459	1
458	2
456	1
454	2
453	2
452	2
451	1
450	2
449	1
448	2
447	1
446	2
445	2
444	6
443	2
441	2
440	2
439	2
438	1
436	1
435	2
434	2
433	1
432	2
431	2
428	1
427	2
426	1
425	2
421	1
420	1
418	2
415	1
413	3
412	3
411	2
410	3
409	1
408	2
407	2
405	1
404	1
403	2
402	1
399	2
398	3
395	1
394	1
393	3
392	2
391	1
390	1
389	1
388	1
387	3
386	1
385	2
383	1
382	3
379	2
377	1
376	2
375	2
374	1
373	1
371	1
370	1
368	1
363	1
362	1
361	1
360	1
358	1
357	1
356	2
355	3
353	1
352	1
350	4
348	2
347	2
346	1
345	2
344	1
343	2
341	1
339	2
337	2
336	1
335	2
334	1
332	3
331	2
330	1
329	1
328	1
327	2
326	2
325	1
323	1
322	1
321	2
320	1
318	1
317	1
316	1
315	1
314	2
313	2
312	1
311	1
310	4
309	2
308	2
307	2
306	1
305	2
304	1
303	2
301	1
299	2
298	2
297	1
296	2
295	1
294	2
293	2
292	1
291	1
290	1
288	1
286	3
285	1
284	1
283	1
282	2
279	2
278	2
277	1
276	1
274	1
273	1
272	2
271	2
270	1
269	1
268	1
267	1
266	1
265	1
262	1
259	1
257	1
256	1
253	2
252	2
251	1
250	1
249	2
248	2
247	2
246	4
244	1
243	2
242	3
241	3
240	1
239	1
238	1
236	1
235	3
233	2
232	2
231	2
230	1
229	1
228	1
227	1
226	2
225	1
224	4
223	2
222	3
221	1
220	1
219	2
218	1
217	2
216	2
215	4
213	1
212	3
211	2
210	2
208	1
206	1
205	1
202	3
201	5
200	2
