200
400
280	3
279	2
278	7
277	5
276	8
275	1
274	9
273	6
272	6
271	7
270	7
269	4
268	4
267	4
266	5
265	2
264	6
263	5
262	3
261	2
260	5
259	6
258	5
257	1
256	10
255	10
254	9
253	5
252	5
251	2
250	2
249	4
248	3
247	3
246	7
245	5
244	10
243	3
242	5
241	11
240	5
239	5
238	5
237	1
236	4
235	5
234	5
233	4
232	5
231	8
230	7
229	5
228	5
227	6
226	3
225	5
224	3
223	1
222	6
221	4
220	6
219	2
218	5
217	5
216	8
215	5
214	6
213	8
212	7
211	4
210	7
209	6
208	6
207	9
206	5
205	4
204	8
203	4
202	8
201	5
200	9
199	4
198	6
197	4
196	8
195	2
194	1
193	3
192	4
191	5
190	4
189	5
188	4
187	7
186	1
185	6
184	3
183	3
182	2
181	6
180	6
179	4
178	4
177	6
176	1
175	5
174	1
173	7
172	4
171	3
170	1
169	6
168	4
167	4
166	2
165	4
164	4
163	3
162	8
161	5
160	6
159	3
158	8
157	3
156	10
155	5
154	6
153	2
152	5
151	3
150	7
149	4
148	8
147	9
146	5
145	7
144	4
143	6
142	4
141	2
140	3
139	8
138	5
137	2
136	8
135	1
134	2
133	5
132	8
131	3
130	8
129	7
128	4
127	7
126	3
125	4
124	5
123	2
122	6
121	4
120	3
119	4
118	6
117	4
116	5
115	7
114	4
113	8
112	6
111	6
110	11
109	6
108	2
107	9
106	4
105	2
104	6
103	3
102	2
101	6
100	8
99	2
98	6
97	6
96	8
95	6
94	5
92	4
91	6
90	8
89	3
88	7
87	6
86	5
85	5
84	6
83	8
82	3
81	2
80	4
