164
1000
696	1
692	1
688	1
686	1
685	1
684	1
683	1
681	1
678	1
675	1
668	1
660	1
658	2
657	1
656	2
653	1
650	2
647	1
646	1
641	1
637	1
635	2
634	1
631	1
628	1
623	1
621	1
620	1
619	1
614	2
611	1
607	1
599	1
597	1
589	1
588	1
586	1
585	1
580	2
579	1
576	1
574	1
566	3
565	1
563	1
562	2
560	1
556	1
555	1
547	1
542	1
540	1
534	1
528	2
526	1
523	1
522	1
518	2
511	1
510	2
508	1
505	2
504	1
499	1
498	1
497	1
486	1
485	1
484	1
480	1
478	1
475	1
471	1
469	1
466	1
463	1
462	3
459	1
458	1
457	1
455	1
454	1
452	1
451	3
447	1
445	1
441	1
439	1
431	1
430	1
429	1
424	1
419	1
418	2
417	2
416	1
415	2
414	1
413	1
412	3
410	1
408	1
405	1
404	1
403	2
400	1
395	2
390	1
388	1
387	1
385	1
383	1
378	1
377	1
374	1
370	2
368	1
366	2
357	1
356	1
355	1
352	2
345	2
344	1
343	1
340	2
331	1
324	1
323	1
318	1
317	1
313	2
312	1
311	1
308	1
300	1
298	1
297	1
291	1
285	1
281	1
279	2
278	1
275	1
271	1
264	1
253	1
252	1
244	1
239	1
237	1
233	1
228	2
226	1
222	1
218	1
216	2
214	1
213	2
211	1
209	2
208	2
204	1
202	1
