218
750
525	3
522	1
520	1
518	1
517	1
516	1
515	1
509	1
508	1
506	2
505	1
503	1
502	1
501	1
497	1
493	1
491	1
490	2
489	1
488	1
487	2
486	1
483	1
482	1
481	1
479	2
478	2
476	1
475	1
474	1
471	1
469	1
468	1
467	1
466	1
463	3
462	1
458	2
455	2
453	1
452	1
451	1
450	2
448	1
446	2
444	1
442	1
441	1
440	1
439	1
436	1
433	2
431	2
430	1
429	2
424	1
422	1
421	2
419	1
415	1
414	2
408	2
407	2
405	2
403	1
402	1
398	1
396	1
395	2
394	1
393	3
392	1
390	1
389	1
386	1
384	1
383	2
382	1
380	1
379	1
378	2
376	2
375	3
374	2
370	1
369	1
360	1
358	1
356	1
355	1
353	1
352	1
350	3
346	1
345	2
342	1
341	3
340	1
339	2
338	1
336	1
335	2
333	1
332	1
329	1
327	1
325	2
324	2
321	1
320	1
318	1
317	1
313	1
311	1
310	2
308	1
304	1
298	1
297	1
296	2
290	1
286	1
284	2
283	2
282	1
279	1
277	1
275	1
274	1
272	1
268	2
267	1
266	1
265	2
264	1
262	1
260	1
259	1
257	2
252	3
250	2
249	1
248	1
246	1
245	1
242	2
240	1
238	1
236	2
235	1
231	1
228	1
226	1
224	1
223	2
222	1
219	1
216	2
215	1
214	3
213	1
212	1
211	2
210	1
209	2
208	1
207	1
204	1
203	1
200	3
198	1
197	1
194	1
190	1
189	2
187	1
185	2
184	1
183	1
182	2
178	2
174	1
169	3
164	1
160	1
157	1
155	3
152	2
151	1
150	1
148	2
135	3
134	2
133	1
129	2
126	1
124	2
122	1
121	1
120	1
118	1
117	1
116	3
112	1
111	2
108	2
107	1
103	1
102	1
100	3
98	1
97	1
95	1
92	1
88	1
85	2
81	2
79	1
