292
500
400	6
399	1
398	1
397	6
396	4
395	7
394	6
393	3
392	2
391	2
390	4
389	3
388	6
387	4
386	6
385	5
384	3
383	2
382	2
380	1
379	5
378	4
377	4
376	5
375	5
374	3
373	3
372	7
371	2
369	2
368	2
367	2
366	1
365	5
364	3
363	2
362	2
361	5
360	5
359	2
358	5
357	2
356	2
355	11
354	3
353	4
352	6
351	4
350	4
349	3
348	2
347	2
346	6
345	3
344	4
343	3
342	2
341	1
340	4
338	2
337	6
336	4
335	5
334	2
333	4
332	1
331	3
330	6
329	2
328	3
327	2
326	1
325	8
324	3
323	2
322	5
321	1
320	6
319	8
318	3
317	4
316	3
315	5
314	3
313	3
312	7
311	4
310	3
309	4
308	3
306	2
305	2
304	4
303	3
302	3
301	2
300	5
299	6
298	2
297	8
296	2
295	5
294	4
293	4
292	3
291	3
290	3
289	4
288	5
287	3
286	4
285	3
284	4
283	1
282	6
281	3
280	5
279	2
278	1
277	3
276	4
275	2
274	1
273	1
272	4
271	4
270	5
269	4
268	2
267	4
266	5
265	2
264	2
263	3
262	3
261	3
260	3
259	1
258	4
257	1
256	2
255	3
254	2
253	3
252	3
251	1
250	3
249	2
248	6
247	2
246	4
245	3
244	2
243	5
242	7
241	5
240	1
239	3
238	2
236	3
235	5
234	1
233	3
232	4
231	4
230	7
229	1
228	2
227	4
226	5
225	6
224	2
223	7
222	7
221	6
220	4
219	2
218	5
216	1
215	4
214	9
213	1
212	2
211	1
210	1
209	4
208	1
207	3
206	1
205	5
204	4
203	2
202	2
201	5
200	3
199	3
198	5
197	3
196	1
195	4
194	1
193	4
192	3
191	5
190	6
189	6
188	3
187	2
186	5
185	5
184	2
183	3
181	2
180	3
179	2
178	5
177	2
176	7
175	2
174	2
173	1
172	3
171	2
170	7
169	3
168	3
167	3
166	3
165	4
164	6
163	2
162	5
160	3
159	3
158	4
157	1
156	1
155	2
153	5
152	3
151	5
150	2
149	1
148	4
147	5
146	6
145	5
144	1
143	3
142	4
141	2
140	4
139	3
138	4
137	4
136	5
135	2
134	5
133	2
132	6
131	1
130	3
129	2
128	1
127	2
126	2
125	3
124	4
123	3
122	2
121	4
120	4
119	5
118	5
117	1
116	5
115	4
114	5
113	2
112	5
111	2
110	4
109	2
108	3
107	3
106	1
105	3
104	6
103	1
102	4
101	3
100	3
