189
300
240	4
239	3
238	2
237	2
236	2
235	3
234	4
233	5
232	4
231	7
230	4
229	2
228	1
227	1
226	1
225	2
224	4
223	5
222	6
221	4
220	3
219	4
218	2
217	2
216	2
215	2
214	1
213	2
212	4
210	5
209	2
208	2
207	2
205	3
204	1
203	1
202	4
201	2
200	2
199	4
198	4
197	2
196	6
194	2
193	2
192	1
191	3
190	2
189	2
188	3
187	2
186	3
185	4
184	4
183	1
182	1
181	1
180	2
178	1
177	2
176	1
175	2
174	1
173	4
172	2
171	3
170	1
169	3
168	2
167	2
166	2
165	2
164	3
163	1
161	1
160	1
159	3
158	1
157	3
156	2
155	2
153	3
152	1
151	4
149	1
148	1
146	1
145	4
144	4
143	4
141	1
140	2
139	3
138	1
137	4
136	1
135	3
134	5
133	4
132	5
131	4
130	4
129	3
128	6
127	2
126	1
125	1
124	5
123	2
121	1
120	3
119	4
118	1
117	2
116	4
114	1
113	2
111	4
109	1
108	2
105	5
104	5
102	1
101	1
100	1
99	2
98	3
97	4
95	3
94	4
93	5
91	4
90	4
89	2
88	3
87	1
86	2
85	5
84	2
83	3
82	4
81	2
80	3
79	5
78	1
77	2
76	2
75	1
74	3
73	2
72	3
70	2
68	2
67	1
66	1
65	1
64	5
63	2
62	3
61	3
60	1
59	1
58	1
57	1
56	3
55	2
53	2
52	3
50	3
49	3
48	4
47	4
46	3
45	5
44	2
43	1
42	5
41	5
40	4
39	2
38	2
37	3
36	2
35	2
34	2
33	8
32	4
31	2
30	1
