191
300
240	1
239	2
238	4
237	3
236	2
235	3
234	4
233	1
232	2
231	3
230	4
226	2
225	2
224	1
223	2
222	3
221	2
220	3
219	2
218	2
217	1
216	3
215	3
214	4
213	5
212	1
211	1
210	2
209	1
208	4
207	2
205	1
204	2
203	4
202	2
201	2
200	2
199	1
198	5
197	4
196	2
195	3
193	3
192	1
191	1
190	2
189	3
188	4
187	5
186	5
185	6
184	1
183	8
182	2
181	3
180	3
179	2
178	2
176	2
175	2
174	4
173	1
172	2
171	2
170	2
169	5
168	3
167	2
166	1
165	4
164	1
163	1
162	5
160	2
159	1
158	3
157	2
156	3
155	1
154	2
153	3
152	1
151	2
150	1
149	1
148	4
146	1
145	2
143	1
141	4
140	1
139	4
138	1
137	2
136	2
135	2
134	2
133	1
132	3
131	2
130	3
129	4
128	2
127	2
126	2
125	2
124	3
123	4
122	4
121	3
120	7
118	1
117	5
116	2
115	3
114	1
112	5
111	2
110	2
109	2
108	4
107	3
106	4
105	3
104	3
103	2
101	2
100	4
99	4
98	1
97	1
96	6
94	2
92	2
91	3
89	1
88	1
87	2
86	5
85	3
84	2
83	3
82	1
81	2
80	3
79	1
78	7
77	3
76	2
75	2
74	2
73	2
72	4
71	5
70	5
69	2
68	4
67	2
64	1
63	4
62	4
61	4
60	1
59	3
57	3
56	1
55	1
54	2
53	2
52	3
51	3
50	2
48	4
47	6
46	6
45	4
44	3
43	2
42	2
41	3
40	4
39	3
38	1
37	1
36	1
35	2
34	3
33	4
32	2
31	1
30	2
