332
750
524	3
523	1
521	3
519	2
518	4
517	2
516	1
515	2
514	1
513	1
512	4
511	4
510	5
509	3
508	2
507	3
506	1
505	3
504	1
503	1
502	1
501	3
500	3
499	2
498	3
497	5
496	3
494	3
493	2
492	1
491	2
490	2
489	2
488	1
487	2
484	1
483	3
482	3
481	2
479	1
478	2
477	2
476	2
475	2
474	2
472	1
471	2
470	1
469	1
468	2
467	4
466	1
464	2
463	2
462	5
461	1
460	2
458	3
457	1
456	2
455	2
454	5
453	2
452	4
450	3
449	1
448	4
447	3
446	1
445	3
443	2
442	3
441	1
440	2
439	1
438	3
437	2
436	2
435	3
434	2
433	4
432	4
431	1
430	3
429	2
428	2
427	3
426	2
425	3
424	4
423	2
422	3
421	1
419	1
418	3
417	1
416	1
415	1
414	3
413	2
412	4
411	1
410	6
409	1
408	2
407	1
406	3
405	4
404	2
403	1
401	1
400	2
398	2
397	1
396	1
393	5
392	4
391	2
390	3
389	1
388	1
387	1
386	4
385	2
383	2
382	2
381	3
380	3
379	1
377	1
376	1
375	2
373	3
372	2
371	1
370	1
369	1
368	1
367	4
365	3
364	1
363	4
362	3
361	1
360	5
359	1
358	2
357	2
356	2
355	3
353	3
352	1
351	3
350	1
349	1
348	3
347	1
346	3
345	2
344	6
343	1
342	1
341	2
340	2
339	2
338	1
337	2
336	2
334	4
333	2
332	1
331	2
330	1
329	3
328	4
327	3
326	3
325	3
324	4
323	1
321	2
320	2
319	3
318	4
317	2
316	1
315	3
314	3
313	2
312	5
311	1
310	3
309	4
308	2
307	2
306	4
305	1
304	1
303	7
302	3
301	1
300	2
297	3
296	2
295	3
294	1
293	2
292	3
291	2
289	3
288	2
287	3
285	2
284	2
282	5
281	1
280	1
279	4
278	4
274	1
273	4
272	4
271	2
270	2
269	2
267	2
266	1
265	1
264	2
263	1
262	3
261	1
259	4
258	1
257	2
256	1
255	1
254	2
253	2
252	3
251	5
250	2
249	1
248	3
247	1
246	1
245	1
244	3
243	5
242	2
241	1
240	2
239	3
238	1
237	3
236	3
235	3
233	4
232	1
231	1
230	1
229	2
228	2
227	3
226	1
223	1
222	2
221	3
220	3
219	1
218	4
217	1
216	2
215	3
214	4
213	4
212	1
211	3
209	1
208	1
207	1
206	1
205	2
204	3
203	1
202	1
201	1
200	2
199	3
198	3
197	2
196	1
195	2
194	5
193	3
192	6
191	1
190	2
189	3
188	2
187	1
185	2
184	2
183	4
182	2
181	4
180	2
179	3
178	2
177	2
175	4
174	1
171	2
170	1
169	1
168	4
167	1
166	1
165	1
163	1
162	1
161	2
160	2
159	3
158	1
157	1
156	1
155	3
154	3
153	2
152	2
151	6
