155
750
597	1
593	1
592	2
589	2
588	2
587	1
585	2
583	1
580	1
578	2
575	1
571	1
560	1
559	1
553	1
552	1
550	1
547	1
546	1
544	1
541	1
539	1
537	1
530	1
526	1
523	1
521	1
519	2
518	1
517	1
516	1
513	1
510	1
509	1
505	3
504	1
499	1
494	2
493	1
489	1
488	1
485	2
481	1
480	1
475	1
471	1
469	1
467	2
466	1
465	1
463	1
462	2
458	1
457	1
456	1
455	1
452	3
450	4
448	1
445	1
439	1
437	1
435	1
432	1
428	1
426	1
420	1
414	1
413	2
411	1
409	1
408	2
405	1
401	1
399	2
398	1
396	1
395	1
394	1
390	2
389	1
382	1
381	1
380	1
377	1
376	1
375	1
373	2
371	1
370	3
368	1
366	1
360	1
357	1
356	2
349	3
337	1
334	1
330	1
328	3
326	1
325	2
323	1
321	1
313	1
312	1
311	1
309	1
308	1
307	1
305	1
304	1
303	1
300	3
298	1
295	1
294	2
290	1
287	1
286	1
280	1
278	2
277	1
276	1
269	1
268	1
267	1
261	1
258	1
257	1
252	1
250	1
240	1
238	1
237	1
235	1
231	1
227	4
225	2
211	1
209	1
208	2
197	1
192	1
189	1
186	4
179	1
177	2
171	1
170	1
161	1
159	1
158	3
154	1
151	1
