442
1000
700	3
699	1
698	1
696	1
695	1
694	4
693	1
692	4
691	2
690	1
689	1
688	1
687	1
685	1
684	1
682	1
681	1
680	2
679	2
678	1
677	1
676	2
674	1
673	2
672	2
670	1
669	1
667	1
665	1
664	3
663	2
662	2
661	4
659	2
658	3
657	2
656	1
655	1
653	1
652	2
650	4
649	3
648	1
646	1
644	2
643	2
640	1
639	1
638	1
637	1
634	1
633	1
632	2
631	1
630	1
628	1
626	1
624	2
623	2
622	1
621	1
620	1
619	1
618	3
615	2
613	2
611	3
609	1
607	4
605	1
603	1
602	2
598	1
597	3
595	2
594	2
592	1
591	3
590	3
586	1
585	5
584	2
582	1
581	1
579	4
578	1
577	1
576	1
575	1
574	1
573	1
572	2
571	2
570	1
568	2
567	1
566	1
565	1
564	2
563	1
562	1
559	2
558	1
556	1
555	1
551	1
550	1
548	3
547	1
543	2
542	1
541	2
540	2
538	2
537	2
536	2
535	1
533	2
532	1
531	1
528	2
527	2
526	2
525	2
523	3
522	1
520	1
519	1
518	1
517	1
516	1
515	1
514	1
513	1
512	2
511	1
510	1
509	1
507	1
505	2
504	2
503	1
502	2
501	1
500	2
499	1
498	1
497	1
496	1
495	1
491	2
490	1
489	1
488	2
487	1
486	1
485	2
484	1
481	2
480	1
479	2
478	1
476	3
475	2
473	3
472	3
470	2
469	3
468	2
467	1
466	1
465	2
464	2
463	5
461	4
459	2
458	1
456	2
455	3
454	3
452	2
451	3
450	1
448	1
447	1
445	5
444	2
443	3
442	2
441	1
440	4
436	1
434	1
433	1
432	1
431	2
430	2
428	2
427	1
426	1
425	1
424	3
423	1
420	1
418	1
417	1
415	1
413	2
412	2
411	1
410	1
406	1
404	2
403	2
401	1
400	1
398	5
397	2
396	2
394	1
393	1
391	4
390	1
389	1
388	1
386	1
385	2
384	2
383	1
382	1
381	2
379	2
378	1
377	1
376	1
373	2
372	3
371	1
370	1
369	1
368	1
367	1
365	1
364	1
363	2
362	1
361	1
360	1
357	1
356	2
355	3
353	3
352	1
348	1
347	1
345	3
341	1
340	3
338	1
337	1
336	4
335	3
333	2
332	1
329	1
328	1
327	2
326	3
325	1
324	2
323	2
322	1
320	1
319	3
318	2
317	2
313	2
312	1
311	4
310	2
309	1
308	1
306	1
305	1
304	2
303	2
302	1
300	3
299	1
298	1
297	2
296	3
294	1
292	1
291	2
290	2
289	2
288	2
286	1
285	1
284	3
283	1
282	2
280	1
279	3
278	3
277	4
276	1
275	1
274	1
273	4
272	4
271	1
270	3
269	1
266	2
265	3
264	1
263	2
262	2
261	1
260	1
259	2
258	2
256	2
255	2
254	1
252	2
251	3
250	2
249	2
248	3
245	3
244	3
243	3
242	3
241	1
238	2
237	1
235	1
234	3
232	2
230	2
229	1
228	2
226	3
225	3
224	1
222	1
220	1
219	1
218	2
217	1
216	1
215	2
214	2
211	1
209	3
207	1
206	1
205	1
204	1
203	1
202	2
201	3
200	1
199	1
198	2
197	1
196	1
195	1
194	1
193	1
192	5
190	2
187	1
186	1
185	1
181	1
180	1
179	2
178	1
177	2
176	3
173	1
172	1
171	1
169	2
168	1
166	2
165	1
164	2
162	2
161	3
160	2
159	2
158	1
156	2
155	1
153	1
152	1
150	1
149	1
148	3
144	3
143	2
142	2
141	1
140	2
139	3
138	3
137	3
136	1
135	1
133	1
132	1
131	2
130	4
129	1
128	3
127	3
126	3
125	1
122	1
121	4
120	1
119	2
118	1
116	1
115	1
114	3
113	2
112	1
110	1
109	1
108	1
106	1
105	1
104	1
103	2
101	1
100	1
