135
400
280	1
279	2
276	1
275	1
274	2
273	1
270	1
269	1
268	2
266	2
265	1
263	2
262	2
261	1
260	1
259	1
257	1
255	1
253	1
251	1
248	2
244	1
243	2
242	1
241	1
240	1
239	1
238	2
237	1
231	1
230	2
226	1
224	2
223	1
222	2
221	1
219	3
218	2
215	4
214	2
213	2
211	1
210	1
209	2
208	1
204	1
199	1
196	1
194	1
193	1
191	1
190	2
184	1
183	1
180	1
178	1
177	1
176	1
174	1
172	1
169	1
166	3
165	1
163	1
162	1
161	2
160	2
159	1
158	1
157	2
156	1
154	2
153	1
151	2
149	1
147	2
145	1
143	1
139	6
138	1
137	1
134	1
133	1
132	1
128	1
127	1
125	1
124	1
121	5
120	1
119	1
118	3
117	1
116	2
114	1
113	3
111	2
110	2
109	2
107	2
105	1
104	1
102	1
100	1
99	1
98	2
97	1
94	1
93	1
90	1
89	2
87	2
84	2
82	2
78	2
76	1
73	2
71	2
70	2
68	1
66	1
61	3
60	1
58	1
55	1
52	2
51	1
50	1
49	2
47	2
46	2
44	1
43	2
42	2
41	1
