100
200
140	4
139	4
138	2
137	2
136	9
135	6
134	6
133	2
132	2
131	8
130	6
129	5
128	6
127	9
126	3
125	5
124	2
123	8
122	4
121	4
120	5
119	4
118	2
117	3
116	9
115	5
114	4
113	6
112	2
111	4
110	5
109	4
108	6
107	5
106	4
104	4
103	4
102	10
101	3
100	7
99	2
98	5
97	8
96	7
95	5
94	4
93	7
92	6
91	9
90	4
89	4
88	7
87	5
86	1
85	7
84	9
83	2
82	8
81	6
80	3
79	6
78	7
77	7
76	2
75	6
74	4
73	5
72	2
71	4
70	5
69	12
68	2
67	3
66	6
65	3
64	3
63	6
62	2
61	6
60	7
59	3
58	7
57	7
56	4
55	5
54	7
53	6
52	6
51	2
50	3
49	5
48	3
47	6
46	6
45	3
44	4
43	9
42	6
41	6
40	2
