277
500
400	1
398	2
397	2
396	1
395	1
394	1
393	1
392	1
391	4
390	2
389	2
388	1
387	1
386	2
385	2
384	4
383	2
381	3
380	3
379	1
378	3
377	1
376	4
375	1
374	3
373	1
371	2
370	4
369	2
368	1
367	1
366	3
365	4
364	1
363	2
361	3
360	2
359	1
358	1
357	2
356	1
355	1
354	3
352	2
351	1
349	1
347	3
346	2
345	1
344	2
343	1
342	2
341	1
340	2
339	6
338	2
337	2
335	2
334	3
333	2
332	2
331	3
330	2
329	2
328	1
327	1
326	4
324	8
323	1
322	1
321	3
320	1
318	1
317	3
316	2
314	3
313	4
312	5
311	1
310	3
309	1
308	2
306	3
305	1
303	2
302	2
300	2
299	3
298	3
296	1
295	1
294	1
293	1
292	2
291	2
290	2
289	1
284	1
283	2
282	1
281	1
280	1
279	3
278	1
276	2
275	2
274	1
273	1
272	1
270	2
268	4
267	1
266	1
265	1
264	1
263	1
261	2
260	1
259	3
258	2
255	1
254	2
253	2
251	2
248	1
247	2
246	1
245	2
244	2
243	2
241	1
239	2
238	2
237	2
236	4
235	1
233	3
232	1
231	1
230	2
229	3
228	1
227	1
226	1
225	3
223	3
221	1
220	3
219	2
217	1
216	2
214	4
213	1
212	1
211	2
209	2
207	1
206	1
205	1
204	1
203	2
202	3
201	1
200	3
199	3
196	1
195	1
194	4
193	4
191	1
190	1
188	1
187	1
186	2
185	1
184	2
183	1
182	1
181	1
180	2
179	1
178	1
177	2
176	1
175	1
174	1
173	2
172	1
171	3
170	2
169	3
168	1
167	2
165	1
164	2
161	1
160	2
159	3
155	1
154	1
153	1
150	3
149	1
148	1
146	1
145	2
143	2
142	1
141	4
140	2
139	1
138	3
137	1
136	3
135	1
133	1
132	2
130	1
129	2
127	1
126	3
125	1
123	3
119	1
118	1
117	3
116	1
115	3
113	1
112	2
111	1
110	1
109	1
107	2
106	4
105	1
104	3
103	1
101	2
100	1
99	1
97	1
96	1
95	1
93	1
92	3
91	1
90	2
89	2
87	1
84	2
82	1
81	2
80	1
79	2
78	1
76	2
74	2
72	1
71	1
70	1
69	1
68	1
67	1
66	3
65	2
63	1
62	1
61	2
60	3
59	2
58	2
56	1
55	2
53	1
52	1
51	1
