174
300
240	3
239	2
238	3
237	2
236	4
235	3
234	1
233	6
232	2
231	1
230	3
229	4
228	4
227	3
226	3
225	4
224	2
223	4
222	2
221	4
220	2
219	3
218	2
217	3
216	3
215	4
213	1
212	2
210	5
209	3
208	2
207	5
206	2
205	1
203	1
202	3
201	2
200	3
199	1
198	1
197	3
196	2
195	6
194	2
193	2
192	6
191	2
190	1
189	5
188	2
187	1
186	5
185	5
184	4
183	2
182	3
181	3
179	3
178	3
177	3
176	2
175	1
174	3
173	4
172	1
171	5
170	4
169	4
168	3
167	1
166	4
165	4
164	3
163	1
162	2
161	3
160	6
159	4
158	3
157	1
156	3
155	2
154	3
153	3
152	1
151	3
150	2
149	3
148	6
147	2
146	2
145	5
144	2
143	2
142	2
141	3
140	4
139	1
138	2
137	2
136	3
135	3
134	2
132	4
131	1
130	2
129	7
128	1
127	3
126	2
125	2
124	4
123	4
122	5
121	4
120	2
119	3
118	2
117	3
116	2
115	3
114	3
113	5
112	3
111	3
110	3
109	3
108	3
107	3
105	1
104	1
103	1
102	3
101	1
100	3
99	4
98	3
97	3
96	4
95	1
94	2
93	4
92	2
91	5
90	4
89	2
88	1
87	2
86	1
84	2
83	4
82	5
81	3
80	3
79	3
78	3
77	2
76	1
75	3
74	1
73	5
72	4
71	2
70	5
69	9
68	1
67	4
66	4
65	4
64	3
63	2
62	3
61	3
60	1
