169
750
599	1
598	2
597	1
595	1
592	1
587	2
586	1
584	2
573	1
569	3
568	1
567	1
565	1
559	2
558	1
557	1
556	1
555	2
552	1
547	1
542	1
537	2
532	1
530	1
525	2
524	3
521	2
517	1
515	1
511	1
500	1
491	1
490	1
488	1
486	1
485	1
480	1
478	1
476	1
468	1
467	1
461	2
455	1
452	1
451	2
450	1
447	1
445	1
443	1
442	1
440	2
433	2
432	1
429	1
427	1
425	1
423	1
419	1
408	1
404	1
402	1
400	1
399	2
396	1
385	1
383	1
377	1
375	2
371	1
370	1
368	1
367	1
366	1
354	1
351	1
344	1
343	1
337	1
330	1
328	1
323	1
321	1
319	1
316	1
314	2
312	1
311	1
308	2
307	1
304	1
301	1
300	1
292	1
291	1
290	1
285	1
283	1
277	1
276	1
272	1
271	1
268	1
267	1
265	1
264	1
263	1
258	2
256	1
253	1
251	1
248	1
244	1
238	1
236	1
230	1
229	3
228	1
225	1
210	1
206	1
205	1
203	1
202	1
198	1
196	1
190	1
185	2
181	1
179	1
173	1
172	1
170	1
168	1
166	1
165	2
162	1
156	2
150	2
149	1
148	1
146	1
142	1
141	1
140	1
139	1
136	1
129	1
121	1
120	1
117	2
116	1
115	1
112	1
111	1
104	2
103	1
102	1
101	1
100	1
98	1
97	1
95	1
94	2
91	1
86	1
85	2
83	1
80	1
77	1
