273
500
350	1
349	2
347	4
346	5
345	1
344	2
343	2
342	2
341	3
340	6
339	3
338	6
337	2
336	1
335	5
334	4
333	3
332	1
331	4
330	4
329	3
328	3
326	1
325	4
324	1
323	6
322	3
321	5
320	1
319	4
318	3
317	3
316	4
315	3
314	5
313	4
312	3
311	6
310	3
309	3
308	1
307	1
306	1
305	1
304	3
303	5
302	3
301	3
300	2
299	1
298	4
297	1
296	4
295	1
294	2
293	1
291	3
290	1
289	2
288	4
287	3
286	3
284	5
282	2
281	6
279	4
278	2
277	5
276	4
274	5
273	4
272	1
270	2
269	4
268	4
267	2
266	2
265	5
264	6
263	2
262	3
261	4
260	2
259	2
258	1
257	2
256	1
255	2
254	6
253	5
251	4
250	2
249	1
248	1
247	2
245	3
243	3
242	2
241	2
240	3
239	1
238	4
237	2
236	3
235	4
234	3
233	2
232	1
230	4
229	1
228	1
227	2
226	2
225	2
224	4
222	4
221	1
220	4
219	3
218	1
217	2
216	2
215	5
214	3
213	7
212	1
211	1
210	3
209	4
208	3
207	4
206	4
205	2
204	2
203	5
202	3
201	2
200	3
199	1
198	3
197	4
196	2
194	3
193	3
192	2
191	3
190	2
189	1
188	5
187	4
186	1
185	3
184	3
183	1
182	2
181	3
180	2
179	2
178	2
177	4
176	4
175	1
172	2
171	3
170	4
169	2
168	3
167	2
166	2
164	3
163	2
162	6
161	1
160	2
159	1
158	2
157	4
156	2
155	3
152	2
151	2
149	7
148	2
147	2
146	1
145	3
144	4
143	1
141	3
140	2
139	1
138	2
137	1
136	2
135	1
134	1
132	2
131	4
130	2
129	4
127	2
126	6
125	2
124	3
123	1
122	3
121	2
120	3
119	2
118	3
117	3
116	2
115	2
114	2
113	4
112	3
111	3
110	1
109	3
108	3
107	2
106	3
105	4
104	6
103	2
102	5
101	3
100	4
99	2
98	1
96	2
95	3
94	1
93	1
92	2
91	2
90	2
89	2
88	1
87	2
86	2
85	4
84	6
83	6
82	3
81	1
80	6
78	2
77	4
76	1
75	2
74	2
73	2
72	3
71	2
70	2
69	2
68	3
67	1
66	5
65	5
63	2
62	4
61	1
60	2
59	1
58	1
57	1
55	4
53	5
52	1
51	4
50	3
