231
400
320	4
319	2
318	2
317	2
316	4
314	4
313	2
312	1
311	4
310	3
309	1
308	4
307	1
306	10
305	1
304	3
303	3
302	3
301	4
300	4
299	2
298	3
297	6
296	2
295	4
294	5
293	3
292	6
291	3
290	5
289	3
288	1
287	3
286	3
285	1
284	5
283	3
282	3
281	4
280	5
279	3
277	1
275	4
274	1
273	3
272	3
271	6
270	2
269	2
268	3
267	4
266	4
265	1
264	1
263	3
262	3
261	1
260	1
259	1
258	3
257	1
256	5
255	4
254	1
253	2
252	1
250	1
249	3
248	2
247	6
246	5
245	1
244	2
243	5
242	2
241	3
240	3
239	5
238	1
237	5
236	7
235	4
234	5
233	2
232	4
231	2
230	2
229	3
228	2
227	4
226	4
225	3
224	3
223	4
222	7
221	7
220	3
219	3
218	3
217	3
216	4
215	7
214	5
213	5
212	1
211	2
210	2
209	5
208	2
207	3
206	2
205	3
204	5
203	2
201	2
200	2
199	2
198	5
197	3
196	3
195	1
194	2
192	4
191	2
190	2
189	1
188	4
187	2
186	7
185	3
184	2
183	3
182	2
181	2
180	3
179	5
177	6
176	5
175	4
174	5
173	1
172	4
171	1
170	4
169	4
168	4
167	5
166	6
165	4
164	2
163	8
162	4
161	6
160	3
159	5
158	4
156	3
155	2
154	2
153	3
152	6
151	4
150	5
149	1
148	1
147	1
146	2
145	3
143	3
142	3
141	5
140	7
139	2
138	6
137	2
136	2
135	2
134	4
133	4
132	3
131	4
130	1
129	2
128	3
127	4
126	6
125	6
124	3
123	1
122	3
121	5
120	6
119	2
118	2
117	3
116	4
115	1
114	1
113	4
112	5
111	3
110	2
109	3
108	1
106	5
105	1
104	1
103	1
102	1
101	4
100	2
99	4
98	4
97	2
96	8
95	1
94	3
93	6
92	4
91	4
90	1
89	3
88	1
87	3
86	7
85	3
84	4
83	6
82	3
81	6
80	1
