275
500
400	2
399	3
397	2
396	2
395	1
394	5
393	2
392	3
391	3
390	5
389	4
388	2
387	3
386	1
385	5
384	1
383	4
382	2
381	2
379	1
378	1
377	2
376	1
375	2
373	2
372	2
371	3
370	7
369	1
368	4
367	2
366	2
365	4
364	1
363	4
362	3
361	3
360	4
358	1
357	4
356	3
355	5
354	2
353	4
352	1
351	1
350	2
348	4
347	2
346	2
345	2
344	3
343	2
342	2
341	2
340	2
339	2
338	2
337	2
336	4
335	4
334	2
333	3
332	3
331	10
330	1
329	2
328	2
327	2
326	2
325	5
324	3
323	2
322	2
321	2
320	4
319	3
318	3
317	2
315	1
314	1
312	4
311	2
309	3
308	2
307	1
306	4
305	3
304	4
303	5
302	1
301	3
300	2
299	1
298	1
297	3
296	4
295	2
294	2
292	1
291	3
289	3
288	3
287	2
286	1
285	4
284	2
283	2
282	5
281	1
280	2
279	5
278	5
277	3
276	3
275	1
274	4
273	3
272	1
271	5
270	2
269	4
268	1
267	3
266	3
265	1
264	2
263	1
262	5
260	5
258	2
257	3
255	4
254	4
253	3
252	2
251	4
249	1
248	2
247	3
246	5
245	4
244	1
243	1
242	3
241	5
240	4
239	4
238	4
237	2
236	4
235	5
234	2
233	1
232	5
231	3
230	4
229	3
228	2
227	1
226	4
225	4
224	4
223	2
222	1
221	1
220	2
219	2
218	3
216	3
215	2
214	2
213	5
212	3
211	5
210	4
209	2
208	2
207	3
206	5
204	1
203	2
201	3
200	4
199	2
198	3
197	1
196	3
195	1
194	2
193	1
191	2
190	2
189	5
188	3
187	2
186	2
185	3
184	3
183	2
181	3
180	4
179	3
178	1
177	4
176	3
175	1
174	5
173	3
172	3
171	1
170	1
169	5
168	2
167	1
166	2
165	1
164	5
163	2
162	3
161	4
160	1
159	2
158	1
157	2
156	2
155	3
154	1
153	5
152	1
151	2
150	3
149	2
148	3
147	1
146	1
145	2
144	4
143	2
142	2
141	3
140	4
139	3
137	2
136	2
135	2
134	4
133	3
132	3
131	3
130	2
129	5
128	2
127	4
126	2
124	4
123	2
122	5
119	3
118	2
117	4
116	1
115	5
114	3
113	6
111	2
110	8
109	1
108	1
107	2
106	2
103	6
102	5
101	2
100	1
