106
150
120	8
119	9
118	11
117	4
116	9
115	7
114	11
113	8
112	7
111	10
110	9
109	6
108	6
107	13
106	6
105	5
104	10
103	7
102	6
101	8
100	3
99	9
98	11
97	14
96	6
95	6
94	10
93	11
92	4
91	6
90	4
89	4
88	9
87	5
86	5
85	6
84	7
83	11
82	6
81	6
80	4
79	14
78	4
77	9
76	8
75	6
74	6
73	6
72	11
71	11
70	4
69	11
68	4
67	4
66	11
65	5
64	9
63	3
62	9
61	7
60	3
59	4
58	4
57	10
56	6
55	9
54	8
53	6
52	7
51	9
50	4
49	5
48	11
47	7
46	7
45	8
44	2
43	6
42	7
41	7
40	9
39	8
38	7
37	3
36	6
35	9
34	2
33	5
32	12
31	5
30	4
29	7
28	9
27	6
26	8
25	10
24	7
23	8
22	9
21	6
20	5
19	5
18	7
17	6
16	2
15	6
