173
500
350	2
349	3
348	3
347	1
345	4
344	1
343	1
342	3
338	2
336	1
335	1
334	2
333	4
332	1
331	1
330	3
329	1
327	2
325	1
324	2
322	2
321	1
320	2
316	1
315	1
313	1
312	2
311	2
309	1
307	1
306	2
304	1
303	2
302	4
301	1
300	1
297	2
296	1
293	3
292	1
291	1
290	3
289	1
287	1
286	1
284	1
283	1
281	6
279	1
278	1
277	1
275	2
273	4
270	1
269	1
267	2
265	2
263	2
262	1
261	1
260	1
259	1
258	1
257	3
256	1
254	2
252	2
251	3
250	1
249	2
248	3
246	1
245	4
244	1
243	2
242	1
240	1
239	2
238	1
237	1
235	2
234	1
233	3
231	3
227	1
226	2
225	4
223	1
222	1
221	2
220	3
219	1
218	1
217	2
216	1
215	1
213	2
211	2
208	2
207	3
206	3
204	1
201	1
200	3
199	2
196	3
195	1
194	1
193	1
192	3
190	2
188	1
186	2
185	2
183	1
182	1
181	1
179	1
178	1
177	2
176	1
175	3
174	1
173	3
172	2
171	1
170	1
169	1
168	1
166	3
165	3
164	1
163	1
162	1
161	1
160	2
159	1
158	1
156	1
154	3
153	2
151	3
148	1
147	2
146	1
145	1
144	1
143	3
142	1
141	2
140	1
138	2
137	2
134	2
131	6
130	1
129	3
127	3
126	1
125	1
121	1
120	1
119	1
117	1
114	2
112	1
111	1
108	3
107	2
106	1
104	3
102	1
101	1
