197
400
320	1
319	1
318	4
317	3
316	1
315	3
314	2
312	2
311	2
310	2
309	2
308	1
306	2
305	2
303	2
302	4
301	2
300	2
299	3
298	2
297	3
296	1
295	4
293	4
292	1
290	2
289	2
288	1
287	4
286	2
285	1
284	2
283	2
282	1
281	2
280	1
279	1
278	3
277	3
276	3
274	2
273	2
272	3
270	1
268	3
266	2
264	3
263	5
262	3
258	1
257	4
255	1
254	1
253	1
252	2
251	2
250	1
248	2
247	4
246	2
245	3
244	2
243	3
240	1
239	2
237	1
235	3
234	5
233	1
232	1
231	1
230	3
229	1
227	3
226	3
223	3
222	3
220	1
219	1
217	2
215	2
214	4
213	2
212	1
211	1
210	2
209	1
208	1
207	1
206	2
205	1
204	1
203	2
202	4
201	1
200	3
199	1
197	4
196	2
195	3
194	1
192	1
191	1
190	1
189	2
188	2
187	2
186	3
185	2
184	2
183	2
182	3
180	4
179	1
178	2
177	2
176	1
175	2
173	2
172	1
171	4
170	3
169	1
168	3
167	1
166	2
165	2
164	4
163	1
162	3
161	2
159	1
158	1
155	2
154	2
153	1
152	1
150	1
149	2
148	1
147	3
146	3
145	3
143	1
142	1
141	2
140	2
139	1
138	2
137	2
135	2
134	2
131	1
129	2
128	1
127	2
125	1
124	1
123	3
122	2
121	2
120	3
119	1
118	4
117	1
115	1
114	2
113	2
112	1
111	1
109	2
108	5
107	3
106	3
105	2
104	1
103	1
102	1
101	1
100	1
98	1
97	2
96	3
95	3
94	1
93	4
92	3
91	2
90	2
88	2
86	1
85	4
84	2
83	3
82	1
81	2
80	1
