280
1000
699	1
697	1
695	1
694	1
693	1
692	2
689	2
687	1
685	1
683	1
682	1
680	1
679	1
677	3
676	1
675	2
674	4
673	1
669	1
668	1
666	2
665	2
664	2
663	3
662	1
661	1
660	1
658	2
656	3
654	1
652	1
650	1
648	1
647	1
643	1
642	1
638	1
635	1
632	2
630	2
628	1
627	2
625	1
624	1
623	1
622	1
621	1
619	2
618	1
617	3
615	1
613	1
612	2
610	3
609	1
608	1
607	1
606	3
605	1
604	1
603	1
602	1
600	1
599	2
595	2
590	2
588	2
583	3
582	1
581	1
580	1
577	1
575	3
573	1
571	1
570	1
565	2
564	1
563	2
560	2
559	2
557	1
555	1
554	2
553	1
552	2
551	1
549	1
548	1
547	1
545	2
544	1
537	1
535	2
532	2
529	1
527	1
526	1
524	3
520	3
519	1
518	1
516	3
515	1
512	1
511	1
509	1
508	2
506	1
504	1
500	1
499	3
498	2
495	1
494	1
492	1
490	1
489	1
487	1
483	1
479	1
478	1
476	1
474	1
471	1
468	1
466	2
465	2
464	1
463	1
461	1
459	4
457	2
456	1
453	3
452	1
451	1
450	1
449	1
448	2
447	1
445	1
442	1
441	2
440	1
437	1
435	1
433	1
432	1
431	2
430	2
429	1
428	1
425	1
424	1
421	1
419	1
417	1
416	2
415	1
414	2
413	1
412	1
410	4
409	1
405	1
404	1
403	2
402	2
401	1
400	2
399	1
398	2
395	3
394	1
390	1
389	1
388	3
387	1
386	2
385	1
384	2
381	1
380	1
379	1
376	1
374	1
369	1
367	1
366	1
364	1
362	2
359	1
356	2
354	1
353	2
352	1
350	1
349	1
348	1
344	1
343	1
342	2
341	3
339	1
338	4
333	1
331	2
329	1
327	1
326	1
325	1
322	1
321	1
319	2
318	1
315	1
314	1
312	2
310	1
307	2
306	1
304	2
303	1
301	2
300	1
298	2
297	1
294	2
293	2
290	1
289	1
288	1
287	3
286	2
285	2
282	1
280	1
279	2
278	2
277	2
275	1
274	1
272	1
270	2
269	3
265	1
263	2
262	1
261	1
260	1
257	1
256	2
254	1
252	1
251	2
248	2
246	1
244	1
243	3
241	1
237	2
236	1
234	1
233	2
231	1
227	1
226	1
225	1
222	1
219	1
217	2
214	1
213	1
211	1
209	1
208	2
206	1
205	1
200	2
