312
750
600	1
599	1
598	1
597	1
593	2
592	2
590	4
588	1
587	1
584	2
582	2
581	2
579	1
578	4
577	1
574	1
573	1
569	1
565	1
561	2
560	2
559	1
558	1
557	1
555	1
554	3
550	1
549	2
548	1
545	1
543	5
541	1
539	1
536	2
535	1
533	1
532	1
530	1
528	1
526	1
524	1
523	2
522	1
520	1
519	2
518	1
514	1
513	1
512	1
511	1
508	3
506	1
505	1
504	1
502	2
500	1
499	1
498	3
496	3
494	3
492	1
488	3
487	2
484	3
482	2
480	4
479	1
478	1
476	2
475	1
474	3
473	1
472	2
471	2
470	1
466	1
465	1
464	5
463	1
462	2
461	1
460	3
459	1
457	3
454	1
453	1
451	1
449	1
447	4
446	1
444	1
443	1
441	1
440	2
439	1
438	3
437	1
434	2
430	3
429	1
428	1
427	1
426	3
425	1
423	1
421	1
419	2
417	1
415	1
414	2
413	1
410	2
409	2
408	1
407	1
405	2
401	1
400	1
399	1
396	4
395	3
393	2
392	1
390	2
389	2
387	1
385	3
383	1
382	2
381	1
380	1
377	1
374	2
372	2
370	1
368	1
366	1
365	2
362	2
359	2
358	1
357	1
356	1
355	2
351	1
350	1
348	2
347	1
345	1
344	1
343	3
341	1
340	1
339	2
338	2
336	1
334	1
333	3
332	3
331	2
330	2
324	1
323	2
321	1
319	1
318	1
317	1
315	1
314	2
313	1
312	1
311	2
310	1
309	1
306	2
305	1
304	1
303	1
302	2
301	1
300	1
299	1
298	1
297	1
296	2
295	2
290	1
285	1
282	4
280	2
279	3
278	1
277	2
276	1
274	4
273	1
272	2
271	2
270	1
269	2
268	1
266	1
264	1
258	2
256	3
255	1
252	3
250	1
248	1
247	1
245	1
243	1
241	3
240	1
239	1
237	1
236	2
234	3
232	3
229	2
227	2
224	1
222	2
220	1
219	2
218	1
214	3
213	3
207	1
204	3
201	1
200	1
196	2
195	3
194	3
193	1
190	1
189	1
187	1
186	1
184	3
183	2
182	1
181	1
180	1
176	1
175	2
173	1
172	1
171	2
170	1
169	1
168	1
167	1
165	1
162	2
160	1
158	1
157	2
155	2
154	2
152	1
151	3
150	1
149	1
148	1
147	2
145	1
144	1
143	1
142	3
141	2
140	2
139	2
138	1
137	1
136	1
135	3
134	1
133	4
132	1
131	2
127	1
126	1
124	1
123	1
122	1
121	1
120	3
119	1
118	1
116	1
114	3
111	2
108	1
106	2
105	1
104	3
102	1
101	1
100	2
99	1
98	2
95	1
94	1
90	1
89	2
82	1
81	1
80	3
78	4
76	4
