186
400
319	1
317	1
316	3
315	1
314	2
313	1
312	1
310	1
309	1
308	1
304	1
303	1
301	1
300	1
296	1
295	1
293	2
292	1
291	3
290	1
289	2
288	1
286	2
284	2
281	2
280	1
279	1
277	2
276	3
275	1
274	3
273	1
271	1
270	2
269	3
268	1
266	1
263	2
262	3
261	1
260	2
258	1
257	1
256	1
255	2
249	2
248	2
246	2
245	1
244	1
243	1
242	1
241	1
238	1
235	2
234	2
233	2
231	2
230	1
229	2
226	1
225	2
222	1
221	4
216	3
214	2
212	2
211	3
210	1
208	3
207	3
206	1
205	1
204	2
203	2
202	2
200	1
199	2
198	1
197	3
195	1
194	1
193	1
192	1
190	2
189	1
187	1
184	1
183	1
181	1
180	2
178	1
176	2
175	1
174	1
173	2
170	1
169	1
168	3
167	1
165	4
163	1
161	2
160	1
159	2
158	3
154	1
153	2
152	1
151	2
147	1
145	1
144	2
143	2
142	2
140	2
139	1
138	2
137	1
135	1
133	1
132	1
130	2
127	1
126	2
125	2
124	1
122	2
120	1
119	2
118	1
116	1
115	1
114	2
111	4
110	2
109	3
108	2
107	5
106	1
104	1
103	1
102	2
101	3
100	1
99	2
98	1
95	1
94	2
93	1
92	1
90	2
88	1
87	1
86	3
84	2
83	1
82	3
81	1
77	2
75	1
74	1
71	1
70	1
69	3
68	1
67	1
66	1
65	1
64	3
63	4
61	1
60	1
59	1
58	2
56	1
55	1
54	1
52	3
51	1
49	1
46	3
45	1
44	2
43	1
41	2
