189
400
280	4
279	4
278	3
277	2
276	2
275	2
274	3
272	3
271	4
270	1
269	2
268	1
267	3
266	6
265	1
264	1
263	5
262	6
261	3
260	1
259	4
258	1
257	1
256	6
255	3
254	6
253	2
252	3
250	1
249	3
248	2
247	2
246	1
244	2
243	1
242	2
241	2
240	2
239	3
238	1
237	1
236	4
235	4
234	2
232	3
231	3
230	1
229	3
228	1
227	3
226	4
225	3
224	4
223	4
222	1
221	2
220	5
219	6
218	2
217	3
216	3
215	1
214	3
213	2
212	4
211	5
210	4
209	3
208	4
207	4
206	4
205	1
204	4
202	2
201	4
200	2
199	3
198	2
197	1
196	3
195	2
194	2
193	5
192	1
191	4
190	3
189	1
188	1
187	2
186	3
185	2
184	1
183	2
181	1
180	3
179	1
178	3
177	2
176	1
175	3
174	2
173	4
172	3
171	1
170	3
169	3
168	1
167	3
166	2
165	4
164	6
163	5
162	3
161	4
160	2
159	2
158	5
157	2
156	5
155	1
153	1
152	4
151	1
150	4
149	2
148	2
147	4
146	5
145	2
144	3
143	2
142	1
141	1
140	1
139	1
138	1
137	2
136	3
134	3
133	2
132	2
131	1
130	3
129	1
128	3
127	3
126	1
125	1
124	4
123	3
122	1
121	2
120	1
119	2
118	2
116	3
115	4
114	3
113	4
112	3
111	1
110	1
109	4
108	6
107	2
106	2
105	2
104	2
103	3
102	1
101	1
99	1
98	2
97	7
96	3
95	3
94	6
93	3
92	1
91	6
90	3
89	4
88	2
87	6
86	3
84	1
83	2
82	2
81	1
