111
200
139	5
138	1
137	2
136	2
135	2
134	5
133	3
132	1
131	3
130	1
129	1
128	3
127	6
126	1
125	1
124	3
123	2
120	1
119	5
118	2
117	2
115	2
114	1
113	2
112	3
110	1
108	4
107	2
106	5
105	4
104	4
103	1
101	4
100	4
99	1
98	3
97	4
96	2
95	2
94	2
93	1
92	1
91	2
90	4
89	5
88	2
87	2
86	2
85	4
84	3
83	1
82	4
81	1
80	6
79	4
78	2
76	2
75	3
74	2
73	4
72	6
71	2
70	5
69	1
68	2
67	3
66	1
65	4
64	2
63	3
62	4
61	2
60	1
59	1
58	1
57	2
56	5
55	4
54	3
53	5
51	4
50	4
49	3
48	1
46	1
45	1
44	1
43	7
42	1
41	1
40	2
39	2
38	6
37	3
36	2
35	4
34	1
33	7
32	4
31	2
30	2
29	7
28	3
27	3
26	1
25	3
24	1
23	2
22	2
21	2
20	2
