537
1000
800	2
798	1
797	2
796	5
795	2
794	1
792	2
791	3
790	1
789	2
788	1
787	1
786	1
785	1
784	5
783	1
782	4
780	2
779	1
778	2
777	1
776	1
775	2
774	2
773	5
772	2
771	1
769	1
768	4
767	2
765	1
764	6
763	1
762	2
761	3
760	1
759	2
757	3
754	2
753	1
752	1
751	3
750	1
748	2
747	2
745	1
744	1
743	1
742	1
741	1
740	2
737	3
736	1
735	1
734	1
733	2
732	4
730	2
729	2
727	1
725	3
724	1
722	1
721	1
720	1
719	3
718	4
717	2
716	3
715	3
714	1
713	1
712	1
711	2
706	1
705	1
704	3
703	1
701	1
700	2
699	2
698	2
697	1
696	2
695	1
694	2
692	3
691	3
690	2
689	1
688	2
687	2
686	1
685	1
684	2
683	1
682	2
680	1
679	2
678	4
676	1
675	2
674	2
672	1
671	2
669	1
668	1
661	1
660	2
659	2
657	1
656	2
655	4
654	2
650	1
649	1
648	3
647	1
646	1
645	1
644	1
643	2
641	2
640	2
639	2
638	2
636	2
635	1
633	1
632	1
631	2
629	3
626	1
625	2
624	1
623	3
621	5
619	2
618	1
615	3
614	2
613	1
612	3
611	2
610	2
609	2
608	1
607	2
605	1
604	1
603	1
601	1
600	2
598	2
597	1
595	2
593	2
592	2
591	2
590	2
588	2
587	2
585	1
581	1
580	2
579	2
577	1
575	1
574	3
573	4
572	3
570	1
567	4
566	3
565	2
564	1
563	2
561	1
560	1
558	4
554	2
553	1
551	3
550	2
548	1
547	5
546	2
545	3
544	1
542	1
540	1
539	1
538	1
537	4
536	1
535	1
534	1
533	1
532	5
531	3
530	1
529	3
528	1
527	1
526	1
525	1
524	1
523	2
522	2
520	1
519	2
518	1
517	3
516	2
515	2
514	2
513	1
510	2
508	1
507	1
504	3
503	2
500	3
497	3
496	2
494	1
493	1
492	1
490	3
489	2
487	4
486	2
485	5
483	1
482	2
480	1
479	1
478	2
477	1
475	2
474	3
470	1
469	3
468	3
467	3
466	1
465	2
464	1
463	2
461	1
459	2
458	3
456	2
454	2
453	1
450	4
449	1
448	2
447	2
445	3
444	1
443	4
442	2
440	1
439	1
438	1
437	1
435	1
434	3
433	1
432	1
429	1
428	3
427	3
426	1
425	1
424	1
423	1
422	3
421	2
420	2
419	1
418	3
417	2
416	3
415	3
414	2
413	1
412	2
411	3
410	2
408	1
407	2
406	2
405	1
403	1
402	2
401	2
399	2
397	2
396	1
395	1
393	2
392	1
391	3
390	2
389	1
388	1
386	1
385	1
384	1
383	1
382	1
380	1
379	1
378	1
376	1
375	1
374	1
372	1
370	1
368	1
367	2
366	2
365	2
364	1
362	2
361	1
359	4
358	1
357	1
356	1
355	1
354	3
353	5
352	1
350	1
349	2
347	1
345	1
343	3
342	1
341	1
340	2
339	1
338	1
337	2
336	2
334	1
333	1
331	1
330	1
329	1
328	1
327	4
326	1
325	1
324	3
323	1
321	4
320	3
319	1
318	1
317	4
316	1
315	2
314	3
312	1
311	2
310	1
308	2
307	1
306	1
305	1
304	2
303	2
301	2
299	3
298	2
297	1
295	2
294	1
293	2
292	2
291	2
288	1
287	9
286	2
285	2
284	3
282	2
281	2
280	1
279	1
278	1
277	2
276	3
275	1
274	1
273	2
272	4
271	2
270	1
269	3
267	1
266	1
265	2
264	2
263	2
262	2
261	4
260	2
258	3
257	1
256	3
254	3
252	1
251	1
250	3
249	1
248	2
245	2
243	1
242	2
240	1
239	1
238	2
237	3
236	1
235	1
234	1
232	2
231	3
230	1
229	1
228	4
227	3
226	3
225	1
224	1
222	2
221	1
220	1
218	1
217	2
216	2
215	1
214	1
213	1
212	3
211	2
210	1
209	2
208	2
207	1
206	1
204	2
203	1
202	2
201	2
200	3
199	3
198	6
197	2
195	2
194	1
193	3
192	4
191	2
189	2
188	1
187	2
186	1
185	3
180	5
179	1
178	1
177	3
176	1
175	1
174	2
173	1
172	1
171	1
169	1
166	2
164	2
162	2
161	2
160	2
159	1
158	3
156	3
155	5
153	4
152	1
151	1
150	3
149	3
148	2
147	3
145	1
144	1
143	1
141	4
140	3
139	2
137	3
136	3
135	1
132	1
131	2
130	2
129	2
128	2
127	1
126	2
125	1
124	2
121	1
120	1
119	3
116	2
114	2
113	3
112	2
111	2
110	1
109	2
108	2
107	2
106	1
105	2
104	1
103	2
102	2
100	3
