356
750
525	1
524	3
523	2
522	2
521	1
520	1
519	5
518	1
517	4
516	4
515	1
514	3
513	2
512	2
511	5
510	2
508	2
507	4
506	5
505	6
503	1
502	3
501	4
500	3
499	4
498	5
497	1
496	3
495	8
494	3
493	2
492	5
491	2
489	3
488	5
487	4
486	1
485	2
484	2
483	2
482	3
481	1
480	1
479	2
478	3
477	4
476	2
475	2
474	2
473	5
472	4
471	1
469	4
468	3
467	7
466	3
465	3
464	2
463	1
462	3
461	2
460	6
459	4
458	4
457	3
456	1
455	1
454	5
453	2
452	2
451	2
450	5
449	2
448	4
447	9
446	1
445	3
444	2
443	3
442	8
441	5
440	4
439	1
437	1
436	3
435	3
434	3
432	2
431	2
430	3
429	5
428	2
427	2
426	4
425	2
424	3
423	1
422	2
421	1
420	3
419	1
418	2
417	1
416	4
415	1
414	1
413	2
412	3
411	3
410	3
409	2
408	2
407	8
406	2
405	3
404	2
403	3
401	2
400	2
399	3
398	4
397	3
396	1
395	1
394	3
393	4
392	1
391	4
390	2
389	3
388	3
387	3
386	1
385	2
384	3
383	2
382	2
381	1
380	9
379	1
378	2
377	7
376	3
374	3
373	2
372	3
371	3
370	2
369	1
368	4
367	2
366	2
364	2
362	8
361	1
360	3
359	1
358	3
357	4
356	1
355	2
354	3
353	2
352	2
351	5
350	2
349	4
348	2
347	1
346	5
345	9
344	2
343	4
342	1
341	3
340	2
339	4
338	5
337	1
336	2
335	2
334	1
333	4
332	5
330	3
329	2
328	2
327	2
326	3
325	5
324	4
323	6
322	4
320	5
319	4
318	1
317	4
316	1
315	2
314	1
313	2
312	1
311	1
310	4
309	1
308	3
307	3
306	6
305	3
303	3
302	2
301	3
300	4
299	1
298	4
297	5
296	1
295	1
294	4
293	1
292	3
291	3
290	2
289	3
288	4
287	3
286	1
285	2
284	2
283	2
282	2
281	3
280	3
279	4
278	3
277	1
276	3
275	4
274	3
273	2
272	4
271	4
270	2
268	2
267	1
266	4
265	7
264	3
263	4
262	4
261	4
260	3
259	1
258	1
257	3
256	4
255	2
254	1
253	4
252	2
251	4
250	2
249	3
248	2
247	4
246	3
245	3
244	1
243	3
242	3
241	3
240	5
239	1
238	1
237	3
236	3
235	2
233	1
232	2
231	4
230	2
229	2
228	3
227	3
226	1
225	2
224	4
223	2
222	5
221	5
220	2
219	4
218	3
217	4
216	1
215	4
214	3
213	4
212	1
210	4
209	3
208	2
207	2
206	1
205	2
204	3
203	2
202	2
201	3
200	3
199	3
198	3
197	1
194	3
193	2
192	2
191	2
190	2
189	4
188	5
187	4
186	2
185	1
184	3
183	2
182	1
181	3
180	3
178	3
177	2
176	2
175	3
174	3
173	3
172	3
171	2
170	3
169	4
168	7
167	2
166	2
165	3
164	2
163	6
162	4
161	1
160	3
159	2
158	1
157	2
155	2
154	2
153	3
152	1
151	2
150	2
