120
200
140	9
139	3
138	5
137	3
136	2
135	3
134	7
133	2
132	3
131	2
130	4
129	6
128	5
127	8
126	4
125	2
124	1
123	3
122	3
121	2
120	8
119	5
118	3
117	3
116	2
115	3
114	6
113	3
112	5
111	1
110	3
109	8
108	2
107	1
106	1
105	7
104	5
103	4
102	3
101	6
100	7
99	5
98	6
97	6
96	3
95	2
94	7
93	6
92	11
91	5
90	5
89	2
88	4
87	6
86	4
85	2
84	6
83	1
82	5
81	4
80	3
79	3
78	8
77	6
76	7
75	8
74	5
73	3
72	4
71	2
70	3
69	4
68	5
67	6
66	2
65	1
64	4
63	1
62	3
61	7
60	4
59	4
58	4
57	5
56	4
55	7
54	1
53	5
52	5
51	9
50	3
49	4
48	3
47	5
46	8
45	3
44	3
43	4
42	3
41	9
40	2
39	4
38	5
37	1
36	7
35	3
34	2
33	5
32	3
31	2
30	1
29	3
28	5
27	6
26	6
25	1
23	4
22	2
21	4
20	3
