215
500
350	1
349	1
347	1
343	1
342	1
341	1
340	2
339	3
337	3
336	4
334	1
333	3
332	2
330	2
329	1
328	1
327	2
326	3
325	3
322	1
321	1
318	1
317	2
315	1
313	2
312	1
310	3
308	5
307	1
306	3
304	1
303	1
300	1
297	1
296	1
293	2
292	1
291	3
290	3
286	2
282	2
281	2
280	3
279	3
278	1
277	3
276	1
275	1
274	1
273	3
272	1
271	2
270	2
269	2
267	1
266	4
264	3
262	1
261	1
260	2
258	2
257	1
256	1
255	1
253	3
252	1
251	2
249	1
247	4
246	2
244	1
241	1
240	2
239	1
238	1
237	2
236	1
235	2
234	4
233	3
232	2
231	1
230	2
229	2
228	2
227	2
225	5
224	1
222	2
220	1
219	3
218	2
214	2
213	1
212	1
211	1
210	2
209	1
208	1
207	5
206	2
205	3
204	2
203	1
202	1
201	3
200	2
199	1
198	3
197	1
196	1
195	4
193	2
192	2
191	2
190	1
189	1
188	2
186	3
185	1
182	3
181	1
179	2
178	1
177	2
176	3
175	2
173	3
172	1
171	1
168	2
167	2
166	1
165	2
164	1
163	3
157	2
156	1
155	1
154	1
153	3
151	3
150	1
149	2
147	3
146	2
145	1
143	3
141	3
140	1
138	4
137	3
136	1
135	1
134	3
133	3
132	1
131	3
130	1
128	2
127	1
126	2
125	1
121	2
120	1
118	1
117	3
116	1
114	3
113	1
112	2
111	3
110	2
109	1
108	1
107	1
106	1
105	2
103	2
102	1
101	1
98	2
95	3
92	4
91	1
90	1
89	2
88	3
87	1
86	1
85	2
83	2
82	1
81	1
80	5
78	1
77	1
76	1
74	2
73	3
71	2
70	3
68	1
67	1
66	1
65	3
62	1
60	2
58	1
57	1
55	3
53	1
52	2
51	1
50	3
