334
1000
700	3
699	2
698	3
697	1
696	3
692	2
691	2
685	2
684	1
682	1
681	2
678	1
675	1
673	1
672	1
669	4
665	2
664	3
663	1
662	1
661	1
660	1
658	1
657	3
656	3
655	1
654	1
652	1
649	1
648	1
646	1
645	1
644	1
640	2
639	1
638	2
637	1
636	1
635	1
634	1
630	2
628	1
627	2
626	3
625	2
623	1
620	2
618	1
614	2
613	1
612	1
611	3
607	1
606	2
604	1
603	1
601	1
600	1
597	2
591	1
590	1
589	1
588	1
587	1
585	1
584	1
583	1
582	1
581	3
579	2
578	2
576	3
575	1
573	1
571	1
570	1
569	1
568	1
567	1
565	1
564	3
562	1
557	1
554	1
553	2
548	2
547	2
544	1
543	1
541	1
538	1
535	1
534	1
531	1
530	1
529	1
528	1
527	1
525	1
524	1
523	2
522	1
521	2
519	1
516	1
515	1
513	2
510	1
509	2
508	2
504	3
501	1
499	3
498	1
496	1
494	1
492	1
491	1
487	3
484	1
483	1
482	2
479	4
478	1
477	1
475	1
474	1
473	2
471	1
470	1
469	3
467	1
465	1
464	2
463	2
462	1
461	1
457	1
455	2
454	1
453	1
452	1
449	1
447	2
445	1
442	1
441	2
440	2
439	1
431	1
429	1
426	1
425	2
424	1
423	2
420	1
417	2
416	2
415	1
413	1
411	2
409	3
407	2
406	3
405	2
404	1
403	3
402	1
398	1
397	2
396	1
395	1
394	1
391	2
390	2
389	1
388	2
386	2
382	1
381	2
380	2
379	3
378	1
377	1
376	2
369	1
367	1
365	2
364	1
363	2
361	1
359	1
358	1
357	1
355	1
349	1
347	3
345	1
343	1
342	2
341	1
339	1
338	2
337	1
335	1
334	1
331	1
330	1
329	2
328	1
324	2
322	2
321	1
319	1
318	3
316	1
313	1
312	3
311	2
309	1
308	2
307	2
304	3
301	1
299	1
295	1
293	1
291	4
288	1
285	3
283	1
281	1
278	1
277	1
275	1
274	1
273	2
272	1
271	2
269	1
266	1
261	1
259	1
257	2
255	1
254	1
253	2
249	2
248	1
244	1
243	1
241	2
240	1
238	1
235	1
234	1
233	2
232	2
228	1
227	1
224	2
223	2
222	2
220	3
219	1
218	1
216	1
215	2
213	2
212	1
211	3
209	1
206	1
205	1
204	2
201	1
199	3
196	2
195	1
194	1
191	1
188	4
186	1
185	1
184	1
181	2
180	1
179	2
177	1
173	2
172	1
171	3
170	3
169	1
168	1
167	1
166	1
165	2
164	1
163	1
160	1
159	1
158	1
157	2
156	2
155	1
154	2
153	1
151	1
149	1
148	2
147	3
146	1
143	3
142	1
139	3
138	1
137	1
134	2
133	3
131	3
129	1
124	1
121	1
117	2
113	1
112	1
108	1
107	2
106	1
103	2
102	1
101	1
100	2
