436
1000
700	1
698	1
697	2
696	2
695	1
694	2
692	3
691	3
690	1
687	6
686	3
685	2
684	2
683	2
682	2
681	3
680	4
679	2
678	1
677	2
676	1
675	2
674	2
673	2
671	1
670	5
669	2
668	5
667	6
666	3
665	4
664	4
662	3
661	2
660	3
659	1
658	2
656	3
655	3
654	1
653	3
652	4
651	2
650	3
649	5
646	2
645	1
644	3
643	1
642	4
641	3
640	2
639	2
637	3
636	2
635	4
633	2
632	4
631	3
629	1
626	4
625	5
624	2
623	2
622	1
621	3
620	1
619	1
618	3
617	3
616	3
615	2
614	4
613	1
612	2
611	3
610	5
609	3
608	2
607	5
606	4
604	2
603	4
602	2
601	2
600	1
599	3
597	2
596	1
595	2
594	1
593	1
592	1
591	1
590	1
589	2
588	4
587	1
586	1
585	2
584	3
583	2
582	3
581	3
580	1
579	3
578	2
577	4
576	4
575	4
574	2
573	5
571	3
569	3
568	2
567	3
566	1
565	3
563	2
562	1
561	4
559	2
558	2
557	3
556	2
555	1
554	3
553	2
551	3
550	2
549	1
546	4
544	4
543	2
542	2
541	2
540	2
539	2
537	1
536	4
535	3
534	1
533	1
531	4
530	4
529	3
528	1
527	3
526	4
525	1
524	2
523	2
522	1
521	2
520	1
519	1
518	1
516	4
515	1
514	3
513	2
512	2
511	1
510	5
508	2
506	1
504	6
502	1
501	1
500	1
499	2
498	1
497	1
496	2
495	2
494	3
493	3
492	1
491	1
490	1
489	3
488	4
487	2
486	4
485	2
483	3
482	2
481	2
480	2
479	2
478	2
477	2
476	1
474	1
473	3
472	3
470	2
469	3
468	2
467	1
466	3
465	3
464	3
463	2
462	1
461	2
460	1
459	3
458	1
457	1
456	1
455	2
454	2
453	2
452	1
451	1
450	3
448	3
446	1
445	2
444	1
443	2
442	3
441	4
440	2
439	1
438	3
437	1
436	3
435	3
434	3
433	2
432	2
431	5
428	2
427	1
426	2
425	1
424	1
423	1
422	1
421	1
420	3
419	1
418	1
417	1
414	4
413	3
412	2
411	5
410	1
408	3
407	2
406	2
405	1
404	1
403	2
402	1
401	2
399	2
398	1
397	5
396	2
395	3
393	2
392	2
391	4
390	2
389	5
388	2
387	3
386	2
385	3
384	4
383	1
382	2
381	2
380	3
379	4
378	1
377	1
376	1
375	2
374	2
373	1
371	6
370	2
368	2
367	1
366	2
365	1
364	2
363	2
362	2
361	1
360	3
359	2
358	3
357	4
356	2
355	1
354	3
353	1
352	1
349	1
348	1
347	2
346	1
345	1
344	3
343	2
342	1
341	2
340	5
339	3
338	2
337	2
336	3
335	2
334	3
333	3
332	3
331	2
330	3
329	1
328	4
327	3
326	3
325	1
324	1
323	2
322	1
321	2
319	1
318	1
316	2
315	1
314	1
312	2
310	2
309	3
308	1
307	2
306	6
304	3
303	2
302	3
301	3
300	2
299	1
297	2
295	1
294	3
293	2
292	1
291	2
289	3
288	1
287	1
286	1
285	2
284	3
282	2
281	1
280	1
278	3
276	3
275	1
274	3
273	2
272	3
271	5
270	2
269	1
268	1
267	1
265	1
264	5
263	1
262	2
261	5
260	3
259	4
258	2
257	2
256	4
254	2
253	2
252	3
251	5
250	4
249	1
248	1
247	3
246	2
245	3
244	1
243	2
242	1
241	3
240	1
239	3
237	1
236	4
235	1
234	3
232	4
231	3
230	5
229	2
228	2
227	1
226	1
225	3
224	1
223	4
222	1
221	4
220	2
219	2
218	1
217	5
216	4
214	2
213	3
212	1
210	3
209	4
208	3
206	1
205	3
204	1
203	3
202	4
201	2
200	2
