284
500
350	2
349	5
348	6
347	2
346	3
345	3
344	1
343	7
342	4
341	2
340	4
339	4
338	2
337	7
336	2
335	2
334	5
333	4
332	5
331	5
330	3
329	1
328	3
327	5
326	4
324	6
323	5
322	7
321	2
320	2
319	3
318	5
317	3
316	1
315	3
314	3
313	1
312	4
311	1
310	4
309	2
308	3
307	4
306	6
305	2
304	5
303	5
302	5
301	3
300	6
299	3
298	4
297	4
296	4
295	4
294	6
293	2
291	4
290	5
289	3
288	2
287	4
286	4
285	3
284	4
283	4
282	4
281	3
280	8
279	4
278	6
276	4
275	1
274	3
273	4
271	2
270	1
269	2
268	2
267	5
266	6
265	5
263	4
262	4
261	1
259	2
258	4
257	1
256	4
255	2
254	1
253	3
252	5
251	3
250	3
249	3
248	2
247	1
246	4
245	2
244	1
243	7
242	6
241	1
240	3
239	1
238	4
237	2
236	6
235	2
234	4
233	1
232	8
231	4
230	5
229	3
228	3
227	6
226	5
225	2
224	3
223	3
222	6
221	3
220	2
219	3
218	2
217	3
216	6
215	5
214	5
213	2
212	4
210	3
209	6
208	4
207	1
206	2
205	4
204	3
203	1
202	5
201	4
199	5
198	4
197	3
196	4
195	1
194	6
193	4
192	2
191	3
190	1
189	6
188	4
187	4
186	2
185	4
184	1
183	7
182	3
181	3
180	2
179	3
178	1
177	2
176	6
175	3
173	3
172	5
171	1
170	4
169	3
168	5
167	3
165	1
164	6
163	3
162	2
161	1
160	4
159	1
158	2
157	4
156	1
155	6
154	4
153	3
152	4
151	3
150	4
149	5
148	4
147	5
146	2
145	2
144	3
143	6
142	5
141	6
140	4
139	3
138	7
136	2
135	4
134	2
133	2
132	7
131	1
130	3
129	2
128	3
127	5
126	3
125	5
124	5
122	5
120	3
119	5
118	2
117	6
116	5
115	1
114	6
113	3
112	5
111	3
109	4
108	4
107	1
106	6
105	1
104	1
103	2
102	3
100	3
99	3
98	1
97	6
96	3
95	4
93	6
92	2
91	3
90	2
89	3
88	2
87	5
86	5
85	4
84	2
83	9
82	2
81	4
80	4
79	5
78	4
76	3
75	5
74	5
73	4
72	2
71	4
70	4
69	1
68	3
67	1
66	4
65	2
64	2
63	3
62	2
61	2
60	6
59	3
58	4
57	6
56	2
55	3
54	5
53	5
52	7
51	2
50	4
