194
400
320	2
319	1
318	2
316	1
315	2
313	1
312	1
310	2
308	1
306	1
305	4
303	4
300	3
299	2
298	2
297	1
296	1
293	2
292	1
291	2
290	2
289	2
287	4
286	2
285	2
284	1
283	1
280	3
279	2
278	2
277	1
276	2
274	3
272	1
271	1
269	1
268	6
267	2
265	2
264	3
263	3
261	2
260	4
259	3
257	1
256	4
255	1
254	1
253	1
251	1
250	1
248	3
247	1
246	1
243	3
242	2
241	2
240	4
239	4
238	2
237	1
236	3
235	6
234	1
233	1
232	2
231	3
230	2
229	2
228	3
227	2
225	1
224	1
222	3
221	1
220	4
219	2
218	2
217	1
216	3
215	3
214	3
213	6
212	1
211	4
210	1
209	3
208	1
207	3
205	3
204	1
203	2
202	2
201	3
200	1
198	1
197	2
196	4
195	1
194	2
193	1
192	3
191	1
190	2
189	6
188	1
187	1
186	1
184	5
183	4
182	4
181	2
180	3
179	1
178	3
177	1
176	3
175	1
174	1
173	2
172	1
171	1
170	1
169	2
168	3
167	1
166	2
165	1
164	1
160	2
159	1
158	1
157	3
155	1
153	2
152	1
151	2
150	1
148	4
147	3
146	1
145	3
144	2
143	2
142	1
141	3
140	2
139	3
138	2
137	3
135	1
134	1
133	2
132	2
131	2
130	3
129	1
127	2
126	1
125	2
122	2
121	2
120	1
119	3
118	2
116	2
115	3
114	2
113	3
112	2
111	1
110	1
107	4
106	3
105	1
104	3
101	1
99	3
98	1
96	2
95	1
94	3
93	3
92	1
91	1
90	3
89	3
88	1
87	1
85	1
83	1
82	1
81	2
80	3
