163
300
240	1
238	4
237	1
236	2
235	2
234	2
233	2
232	2
230	2
229	3
228	2
227	3
226	7
225	2
224	5
223	4
222	1
221	1
219	6
218	3
217	1
215	3
214	3
213	3
212	3
211	1
210	1
209	5
208	4
207	1
206	1
205	3
204	1
203	2
202	2
201	2
200	2
199	2
198	3
197	3
196	1
195	2
194	1
193	1
192	1
191	4
190	1
189	1
188	2
187	1
186	2
185	8
184	4
183	6
182	1
181	2
180	2
179	2
178	3
177	2
176	4
174	3
173	1
172	2
171	3
168	1
167	5
166	1
165	3
164	3
162	3
161	4
158	2
157	1
156	3
155	1
154	3
153	2
152	4
151	2
150	3
149	2
148	2
147	3
146	3
145	2
144	1
143	3
142	2
141	2
140	4
139	5
138	2
137	4
135	3
134	3
133	2
132	2
131	1
130	1
129	3
128	1
127	1
126	3
124	4
123	1
121	2
120	2
119	2
118	1
117	2
116	5
115	4
114	3
113	3
112	3
111	1
110	2
109	1
108	4
107	3
106	1
105	3
104	2
103	2
102	1
99	2
98	3
97	1
96	4
95	4
94	2
93	1
92	5
91	2
90	1
89	3
88	1
87	4
86	4
85	2
84	2
83	4
82	2
81	2
80	3
79	1
78	1
77	3
76	1
75	3
73	1
72	3
71	2
70	4
69	2
66	3
65	2
64	2
63	3
62	4
61	3
60	1
