239
500
350	1
349	5
348	4
347	4
346	1
345	3
344	3
343	5
342	3
341	3
340	3
339	3
338	3
337	3
336	4
335	1
334	4
333	6
332	3
331	3
330	1
329	2
328	3
327	1
326	1
325	2
323	3
322	6
321	2
320	5
319	1
318	2
317	1
316	4
315	2
314	3
312	2
311	2
309	6
308	3
307	3
306	3
305	4
304	5
303	2
302	2
301	2
300	2
299	1
298	5
297	4
296	4
295	5
294	7
293	2
292	3
291	3
290	5
289	2
288	2
287	4
286	2
285	4
284	3
283	3
282	3
281	2
280	2
279	2
278	2
277	4
276	3
275	1
274	3
273	2
272	2
271	1
270	2
269	2
268	2
267	1
266	4
265	6
264	9
263	3
262	3
261	4
259	2
258	4
257	6
256	4
255	2
254	4
253	4
252	4
251	5
250	2
249	6
248	2
247	6
246	2
245	2
244	4
243	4
242	4
241	2
240	1
239	3
238	2
237	3
236	3
235	2
234	2
233	4
232	4
231	1
230	3
229	2
228	5
227	2
226	5
225	3
224	3
223	7
221	3
220	5
219	1
218	3
217	3
216	3
215	5
214	1
213	5
212	5
211	3
210	1
209	3
208	1
207	1
205	2
204	4
203	3
202	1
201	5
200	4
199	1
198	4
197	3
196	4
195	1
194	3
193	2
192	2
191	5
190	2
189	4
188	1
187	1
186	7
185	4
184	3
183	4
182	2
181	5
180	5
179	4
178	5
177	2
176	6
175	2
174	1
173	2
172	5
171	4
170	2
169	4
168	7
167	1
166	3
165	2
164	1
163	4
162	4
160	1
159	5
158	8
157	8
156	3
155	2
154	2
153	2
151	7
150	4
149	2
148	2
147	2
146	4
145	3
143	3
142	2
141	4
140	5
139	4
138	2
137	3
136	5
135	4
134	3
133	4
132	3
131	4
130	2
129	2
128	4
127	3
126	2
125	2
124	1
123	4
122	2
121	2
120	3
119	2
118	1
117	5
116	4
115	5
112	3
111	2
110	5
108	1
107	3
106	2
105	2
104	3
103	4
102	4
101	1
100	5
