240
1000
798	1
795	2
793	1
792	1
791	1
788	2
784	4
780	1
779	1
774	1
770	1
766	1
758	1
757	1
755	1
750	1
748	3
747	1
746	1
743	1
742	1
741	1
737	1
735	1
731	1
730	1
729	3
725	1
720	1
716	2
712	1
708	1
707	1
702	1
701	1
694	1
692	1
690	1
689	2
687	1
680	1
679	1
677	3
676	1
673	1
672	3
668	1
663	1
662	1
660	1
659	2
657	1
655	2
653	1
652	1
651	1
648	1
645	1
644	1
640	1
639	1
637	1
636	1
635	1
634	1
630	1
627	3
626	1
624	1
619	1
617	1
615	1
614	1
607	2
606	1
605	1
604	1
598	2
596	1
595	1
594	1
593	1
592	1
590	2
589	1
588	2
586	1
585	1
581	1
579	2
578	1
576	2
575	1
574	2
573	1
572	2
566	1
562	1
557	1
556	1
552	1
550	1
549	1
548	1
545	1
539	1
534	1
533	1
530	2
529	1
528	1
526	2
522	1
516	2
515	1
513	2
512	1
511	1
507	1
505	1
503	1
502	1
499	1
496	1
495	2
493	1
492	1
486	1
485	1
484	1
481	1
480	1
478	1
475	1
471	1
470	1
469	1
466	1
463	1
458	3
456	1
449	2
448	1
446	1
444	3
441	1
440	1
439	2
436	1
435	1
434	2
431	2
429	1
427	1
426	1
425	1
424	1
421	2
420	1
419	1
418	1
417	1
411	1
409	2
408	1
405	1
403	1
402	1
400	1
399	1
393	1
388	1
382	1
381	1
380	1
378	1
374	1
372	2
369	1
368	1
366	1
361	1
357	2
349	1
347	3
346	1
344	1
341	1
340	1
339	3
338	1
333	1
331	1
324	2
322	1
316	1
314	1
313	1
310	1
303	1
301	1
298	1
297	1
296	1
292	1
288	1
286	1
284	1
283	1
275	1
274	1
271	1
268	2
267	1
264	2
261	1
260	1
259	3
256	1
251	1
249	1
247	1
246	1
244	1
243	2
238	1
237	2
233	1
232	2
230	1
227	1
225	1
224	3
223	1
220	1
217	3
216	1
215	1
212	1
209	1
