140
200
160	5
159	4
158	8
157	6
156	7
155	2
154	3
153	3
152	5
151	4
150	4
149	4
148	7
147	6
146	4
145	2
144	9
143	6
142	4
141	7
140	8
139	9
138	6
137	6
136	6
135	5
134	5
133	4
132	3
131	4
130	4
129	7
128	5
127	5
126	3
125	7
124	1
123	7
122	6
121	3
120	4
119	3
118	5
117	6
116	6
115	9
114	3
113	3
112	9
111	11
110	6
109	5
108	9
107	7
106	6
105	5
104	3
103	7
102	7
101	2
100	7
99	6
98	8
97	6
96	5
95	6
94	4
93	10
92	4
91	4
90	7
89	6
88	3
87	5
86	3
85	4
84	5
83	7
82	3
81	4
80	7
79	2
77	6
76	3
75	5
74	5
73	13
72	6
71	3
70	4
69	1
68	6
67	9
66	9
65	5
64	4
63	7
62	3
61	5
60	6
59	4
58	2
57	3
56	6
55	3
54	5
53	11
52	7
51	6
50	9
49	6
48	6
47	4
46	5
45	6
44	4
43	5
42	3
41	8
40	6
39	8
38	8
37	3
36	4
35	3
34	6
33	4
32	7
31	3
30	6
29	5
28	3
27	6
26	10
25	2
24	4
23	6
22	6
21	5
20	6
