140
200
160	3
159	4
158	6
157	8
156	9
155	4
154	8
153	6
152	2
151	3
150	4
149	7
148	3
147	8
146	7
145	3
144	3
143	8
142	7
141	2
140	6
139	5
138	4
137	4
136	1
135	1
134	2
133	5
132	5
131	3
129	5
128	4
127	5
126	5
125	4
124	7
123	5
122	10
121	13
120	4
119	5
118	6
117	7
116	9
115	6
114	1
113	12
112	11
111	4
110	2
109	5
108	3
107	3
106	3
105	2
104	6
103	3
102	1
101	5
100	2
99	5
98	4
97	5
96	7
95	6
94	4
93	5
92	7
91	6
90	4
89	5
88	5
87	5
86	2
85	3
84	8
83	3
82	5
81	8
80	9
79	5
78	3
77	4
76	13
75	13
74	5
73	4
72	6
71	5
70	3
69	4
68	4
67	2
66	2
65	4
64	4
63	7
62	4
61	6
60	5
59	7
58	14
57	13
56	6
55	1
54	9
53	5
52	10
51	4
50	5
49	4
48	4
47	3
46	4
45	2
44	5
43	9
42	8
41	6
40	2
39	8
38	5
37	9
36	3
35	9
34	7
33	3
32	8
31	9
30	1
29	4
28	7
27	6
26	6
25	11
24	6
23	4
22	5
21	4
20	6
