169
1000
698	1
696	1
691	2
688	1
678	1
677	2
675	1
674	1
673	1
662	1
659	1
655	1
650	1
635	1
629	3
626	1
625	2
624	2
623	2
622	1
618	1
617	1
616	1
603	1
602	3
592	1
588	1
587	2
574	1
569	1
560	1
547	2
544	1
541	1
531	1
530	1
529	1
528	1
527	2
525	1
520	1
514	1
511	1
510	1
505	2
499	1
495	1
491	1
487	2
481	1
477	1
476	1
470	1
467	2
466	1
460	1
459	1
458	2
455	2
454	1
452	1
446	1
445	1
444	1
442	1
436	1
432	1
424	2
422	1
420	1
415	2
414	1
406	1
405	1
392	1
390	2
387	1
385	1
383	1
380	1
378	1
371	1
370	1
369	1
368	1
365	2
362	1
361	1
358	1
352	1
344	1
343	1
335	1
334	1
333	2
332	1
331	1
327	1
325	1
324	1
323	1
318	1
314	1
311	1
310	1
309	1
306	1
305	1
302	1
301	1
299	1
298	1
295	1
293	1
286	1
283	1
270	1
269	1
267	1
265	1
264	1
263	1
256	1
254	1
253	1
246	3
238	1
236	1
229	1
220	1
219	1
216	1
214	1
213	1
210	1
209	1
207	1
206	1
202	1
200	2
195	1
189	2
175	1
173	1
168	1
165	1
164	2
163	2
162	1
160	1
159	1
154	1
151	1
148	1
147	2
144	1
141	1
140	2
139	1
134	1
133	1
125	1
122	2
120	1
118	1
117	1
116	1
105	1
103	1
