177
400
280	2
279	1
277	1
276	1
275	3
274	3
273	1
272	3
271	1
270	1
269	3
268	2
267	1
264	2
263	2
262	3
261	1
260	1
259	3
258	1
257	2
256	1
255	1
254	2
253	3
252	2
251	5
250	1
249	6
248	3
247	3
246	2
245	6
244	2
243	2
242	2
241	1
240	3
239	3
238	2
237	1
236	4
234	2
233	2
232	1
231	2
229	6
228	5
227	2
226	2
225	2
224	4
223	2
222	2
221	3
220	1
219	5
218	1
217	1
216	1
215	2
214	5
212	1
211	4
210	1
209	1
208	1
207	6
206	1
205	2
204	1
203	2
202	1
201	1
200	1
199	2
197	1
196	2
195	1
194	1
193	2
192	1
191	1
190	1
189	1
187	2
186	3
185	2
183	3
182	1
181	3
180	2
179	3
178	2
176	2
174	2
173	3
172	2
171	3
170	2
169	6
168	2
167	1
166	4
165	1
164	1
163	2
162	1
161	1
160	1
159	2
156	4
155	1
154	1
153	2
152	5
151	3
149	1
148	2
147	2
146	5
142	3
141	1
140	1
139	4
138	2
137	1
136	2
135	3
134	1
133	3
132	1
131	3
130	3
129	4
128	4
127	4
126	2
125	1
124	1
123	1
122	1
121	2
120	2
118	3
117	2
116	3
115	1
114	3
113	6
112	1
111	1
110	2
108	2
107	4
105	3
104	2
103	3
102	6
101	1
100	2
99	2
98	1
97	2
95	4
94	2
93	6
92	2
91	4
89	3
88	4
87	2
86	1
85	1
83	3
81	3
80	2
