240
500
400	2
398	4
397	1
396	3
395	1
393	3
392	3
391	2
390	1
389	1
388	1
386	1
385	2
384	1
383	2
382	4
381	2
378	1
373	1
372	1
370	1
369	2
368	1
367	2
366	2
365	3
364	1
363	4
361	3
359	1
357	2
356	1
355	3
353	2
351	1
350	2
349	2
348	1
343	2
341	1
340	1
339	1
338	1
337	1
336	2
335	1
331	2
330	2
328	1
325	1
324	4
323	2
322	3
321	2
320	1
319	1
318	1
315	1
312	1
311	3
308	2
306	2
304	1
303	1
302	1
301	1
300	2
299	1
298	2
297	2
296	1
295	3
294	1
293	1
292	2
291	3
288	1
287	2
284	1
282	3
281	5
280	2
278	1
276	2
275	1
274	2
270	3
269	1
268	1
265	1
264	1
261	2
260	1
259	1
257	4
254	2
252	4
251	1
250	1
248	2
247	3
246	1
245	1
244	1
243	2
241	2
240	1
238	1
237	2
234	1
233	2
232	1
231	3
230	2
229	1
228	1
227	2
225	1
224	2
221	1
220	1
217	1
216	1
213	2
212	1
211	5
210	1
209	1
208	1
207	2
206	1
205	1
204	1
203	1
202	1
200	4
199	1
198	1
197	2
194	2
193	1
192	3
191	1
190	2
189	1
188	2
187	2
186	2
184	1
182	1
181	1
180	3
179	2
177	1
176	2
171	1
170	1
168	1
167	1
165	2
164	1
161	2
160	1
159	1
158	3
156	2
153	1
151	1
148	3
146	1
145	1
143	2
142	1
140	1
139	2
138	4
137	1
136	1
135	2
133	2
132	2
128	1
124	2
123	1
122	1
120	1
119	2
116	1
115	2
114	1
112	1
109	1
108	1
107	1
106	1
105	1
104	1
103	1
101	2
100	1
98	2
97	1
96	1
94	2
91	1
90	3
89	1
88	1
87	1
86	2
85	1
84	2
81	1
80	3
79	3
78	2
77	1
76	2
75	2
74	1
73	1
72	1
71	1
70	4
68	2
67	2
66	3
64	1
62	3
61	1
59	3
58	1
57	2
56	1
55	1
54	3
53	1
52	2
51	1
50	5
