95
1000
800	1
784	1
783	1
774	1
753	1
752	1
751	1
748	1
741	1
729	1
720	1
718	1
716	1
713	1
699	1
685	1
683	1
681	1
678	1
673	1
667	1
666	1
663	1
657	1
652	1
647	2
646	1
643	1
642	1
639	1
635	1
626	1
623	1
609	1
594	1
585	1
581	1
566	1
564	1
556	1
552	1
539	1
532	1
531	1
524	1
523	1
519	1
513	1
501	1
483	1
479	1
477	1
474	1
468	1
451	1
450	1
448	1
446	1
445	1
443	2
435	1
425	1
421	1
411	1
406	1
405	2
383	1
362	1
357	1
356	1
351	1
346	1
344	1
338	1
335	1
328	1
321	1
311	1
305	1
301	1
292	1
286	2
285	1
277	1
267	1
263	1
257	1
252	1
242	1
238	1
237	1
226	1
209	1
208	2
202	1
