236
1000
799	1
792	1
789	1
788	2
787	2
785	1
783	1
782	2
775	1
774	1
772	2
769	1
763	1
762	1
760	3
759	2
758	2
757	1
756	2
755	2
752	1
748	1
747	1
744	1
742	1
741	1
738	2
736	1
731	1
730	1
727	1
724	1
723	1
718	1
716	1
713	1
712	1
708	1
706	1
705	1
703	1
701	1
700	1
698	1
696	1
694	1
693	1
691	1
690	1
688	1
683	3
676	1
675	1
674	1
673	2
662	1
661	1
652	2
646	1
645	2
644	1
642	1
638	1
633	1
630	1
629	1
624	2
623	1
622	1
620	2
618	1
616	1
615	1
613	1
611	1
599	1
596	4
594	1
589	2
588	1
586	1
585	1
582	3
581	2
579	2
575	1
573	1
569	2
568	1
564	1
562	2
559	1
558	1
556	1
553	1
551	1
547	2
540	1
539	1
536	1
534	1
533	1
530	1
529	2
528	2
525	1
523	1
521	1
520	1
518	2
515	1
513	2
508	1
506	1
504	1
493	1
492	1
490	1
489	2
486	1
483	1
481	2
480	2
478	1
475	1
474	1
472	1
471	1
470	1
469	1
468	2
466	1
465	1
464	1
462	1
461	1
457	1
456	1
452	1
451	1
449	1
441	1
440	1
436	1
435	1
433	1
428	1
427	1
424	1
423	1
421	1
420	1
416	1
415	1
412	1
411	1
409	3
408	1
404	1
401	1
400	1
398	3
391	2
390	1
385	1
384	1
383	1
379	1
378	1
375	1
369	2
367	1
366	1
365	1
364	2
362	1
359	2
356	1
353	1
351	2
348	1
346	1
338	1
337	1
334	1
333	2
331	1
325	1
323	1
322	2
319	2
318	1
317	1
315	1
312	1
301	1
300	1
299	1
296	1
293	1
291	1
289	1
288	1
287	1
285	2
280	2
279	2
277	2
264	1
263	1
261	1
258	1
257	1
255	1
254	2
253	3
252	2
251	2
249	2
246	2
244	2
241	1
240	1
236	1
235	1
234	2
233	1
231	1
230	1
224	1
223	1
218	1
213	2
212	1
205	1
200	2
