450
750
600	1
599	3
597	1
596	4
595	4
594	3
593	4
592	4
591	2
590	2
589	2
588	4
586	1
585	2
584	3
583	1
582	1
581	4
580	1
579	2
577	4
576	2
575	5
574	4
573	2
571	1
570	1
569	4
568	2
567	2
566	2
565	3
564	2
563	4
562	4
561	3
560	2
559	4
558	3
557	3
555	3
554	1
552	2
551	3
550	3
548	1
547	2
546	1
545	1
544	1
543	1
542	1
541	1
540	3
539	5
538	3
537	4
536	1
535	1
533	2
531	1
530	2
529	2
527	2
526	2
525	2
524	2
523	5
522	2
521	4
520	2
519	1
518	2
517	2
516	3
513	1
512	1
511	1
510	4
509	2
508	2
507	2
506	6
505	4
504	1
502	2
501	2
500	4
499	1
497	1
495	5
494	2
493	1
492	1
491	3
490	2
489	3
488	3
487	1
486	4
485	3
483	3
481	2
480	1
478	3
477	4
476	2
475	1
474	2
473	2
472	4
471	3
470	4
469	4
468	2
467	5
465	1
464	2
463	2
462	2
461	1
460	1
459	1
458	1
456	2
455	1
454	1
453	2
451	2
450	1
449	1
448	2
447	1
446	1
445	1
444	2
443	4
441	2
440	2
439	3
438	2
437	1
436	2
435	1
434	3
433	3
432	3
431	3
428	6
427	1
426	4
425	2
424	3
423	5
422	2
421	5
420	2
419	6
418	3
417	1
416	1
415	4
414	3
413	4
412	2
411	2
409	1
407	3
406	2
405	2
404	1
402	2
401	2
400	1
398	2
397	3
395	2
394	2
393	2
391	3
389	1
386	3
385	2
384	4
383	1
382	2
381	5
380	3
379	2
378	1
377	2
376	3
375	4
374	1
373	3
372	3
371	2
370	2
369	3
368	3
367	2
366	1
365	1
364	1
362	1
361	1
360	3
359	1
358	1
356	2
355	3
353	1
352	3
351	3
350	1
349	2
348	4
347	2
346	3
345	2
344	1
343	2
342	2
341	3
339	1
338	4
337	3
334	3
333	2
332	1
331	3
329	4
327	1
326	1
325	1
324	3
323	3
322	1
321	1
320	2
319	2
318	1
317	2
316	2
315	1
314	2
313	2
312	2
311	3
310	1
309	2
308	2
306	1
305	1
304	3
303	3
302	2
301	3
300	2
299	2
298	2
297	3
296	4
295	1
292	2
291	3
290	2
289	2
288	2
287	1
286	3
285	3
283	1
282	6
281	3
279	1
278	1
277	4
276	1
275	2
274	3
273	2
272	4
271	1
270	3
268	3
267	3
266	1
265	3
264	2
263	1
262	1
260	1
258	2
257	1
256	1
255	2
254	2
253	1
252	2
251	2
250	1
249	2
248	2
247	1
246	1
245	3
244	5
243	1
242	1
241	4
240	2
239	1
237	3
236	1
235	1
233	1
232	4
231	3
230	2
229	5
228	2
227	1
226	3
225	2
224	4
222	3
220	2
218	1
217	1
215	1
214	3
213	2
212	4
210	2
209	4
208	3
207	3
206	3
204	2
203	1
202	3
201	1
200	1
199	1
198	1
197	2
196	2
195	1
194	4
193	3
192	4
191	2
189	3
188	2
187	1
186	1
185	4
184	1
183	3
181	1
180	2
179	1
177	2
176	5
175	2
174	1
173	1
172	2
171	1
170	3
169	2
168	3
166	2
165	4
164	1
163	2
162	1
161	5
160	1
159	2
158	2
157	1
156	2
155	1
154	2
152	1
151	2
150	2
149	1
147	2
146	2
145	2
144	6
143	2
142	2
141	3
140	2
139	2
138	1
137	1
136	2
135	2
134	2
133	1
132	2
131	2
130	1
129	1
128	2
127	3
126	3
125	1
124	1
123	4
121	3
120	1
119	2
118	3
117	2
115	1
114	1
113	3
112	3
108	1
105	4
104	1
103	5
102	2
101	5
100	2
99	3
97	2
96	1
95	2
93	1
92	2
91	3
90	1
89	2
87	1
86	2
85	4
84	4
83	4
80	1
78	1
77	2
76	1
75	1
