292
750
600	1
598	2
597	1
594	1
591	1
590	1
589	1
588	1
587	2
586	1
585	2
584	1
583	1
582	1
581	1
577	1
576	1
574	1
573	1
570	2
569	2
566	1
565	1
564	1
562	3
561	1
558	1
556	1
554	1
551	1
550	1
549	2
548	3
546	1
545	1
543	2
542	1
541	3
540	1
539	1
538	1
537	2
536	2
530	1
529	2
527	2
525	1
524	1
522	1
517	2
515	1
514	2
513	1
512	1
508	1
507	1
505	2
504	1
503	1
502	4
499	2
498	2
497	1
496	1
493	2
491	1
487	1
486	1
485	1
484	1
482	1
481	1
480	3
478	1
477	1
476	1
471	2
470	2
469	2
468	1
464	1
463	1
461	1
460	1
459	1
458	1
456	2
455	1
453	2
451	2
449	1
448	2
447	1
446	1
445	1
444	1
443	1
441	1
439	1
438	1
437	3
436	1
433	2
432	2
429	1
428	3
427	1
424	1
419	1
418	2
417	1
410	3
407	2
405	1
404	1
403	1
402	2
400	1
399	1
398	1
396	1
393	2
392	1
389	1
385	1
384	2
383	1
381	1
380	1
378	1
377	1
372	2
370	1
367	2
366	3
363	1
362	1
361	1
358	1
356	1
354	3
352	5
350	1
348	1
346	1
342	1
341	1
340	3
337	1
334	2
331	1
329	1
326	1
324	1
323	1
322	2
321	2
320	1
319	1
316	2
315	1
314	1
312	1
311	1
310	1
309	1
306	1
304	1
303	2
300	1
298	1
295	1
294	1
293	1
291	1
290	1
289	1
288	1
286	1
284	2
282	1
281	2
278	3
277	2
276	1
275	2
273	1
272	1
270	2
267	2
265	2
262	1
261	1
260	1
258	1
257	1
255	1
253	1
252	3
251	1
246	1
245	1
244	1
243	1
242	2
238	1
237	1
236	1
235	2
234	2
233	1
232	1
228	2
227	2
224	3
219	1
218	1
217	2
216	1
214	2
213	2
212	1
209	1
207	1
206	1
205	1
201	1
199	2
198	1
195	2
194	1
193	1
190	1
189	1
186	2
185	1
181	1
179	2
178	1
177	1
173	1
172	1
171	2
168	2
167	1
166	1
164	1
163	1
160	1
159	2
156	1
153	2
152	2
151	2
149	1
146	1
144	1
142	1
141	1
140	1
139	1
138	1
137	2
130	1
129	1
128	1
125	2
124	1
123	2
121	1
119	2
116	2
114	1
111	1
110	1
108	2
107	1
106	1
105	1
104	3
99	3
95	1
94	1
92	2
90	1
86	1
85	1
84	1
83	2
81	1
78	1
75	1
