121
200
160	2
159	9
158	1
157	5
156	10
155	4
154	4
153	7
152	6
151	6
150	8
149	6
148	6
147	5
146	12
145	8
144	3
143	7
142	4
141	8
140	7
139	7
138	10
137	8
136	7
135	8
134	6
133	8
132	3
131	5
130	7
129	5
128	5
127	9
126	8
125	7
124	7
123	9
122	8
121	6
120	6
119	7
118	7
117	8
116	5
115	5
114	5
113	8
112	8
111	4
110	10
109	4
108	7
107	5
106	6
105	7
104	11
103	3
102	5
101	5
100	3
99	5
98	5
97	9
96	4
95	7
94	5
93	8
92	2
91	8
90	5
89	5
88	8
87	12
86	5
85	8
84	5
83	5
82	8
81	4
80	7
79	7
78	8
77	3
76	4
75	6
74	6
73	6
72	9
71	7
70	5
69	2
68	4
67	4
66	4
65	6
64	7
63	4
62	9
61	7
60	4
59	9
58	8
57	5
56	7
55	7
54	7
53	13
52	8
51	8
50	2
49	5
48	6
47	5
46	5
45	4
44	6
43	2
42	3
41	5
40	8
