303
1000
800	2
799	1
798	2
796	2
795	1
791	1
789	1
788	2
787	1
786	1
782	1
780	2
779	1
778	1
776	2
771	2
770	1
768	1
765	3
764	1
763	1
762	1
758	1
757	1
756	1
755	1
754	1
751	1
749	1
748	1
747	1
746	2
744	1
741	1
740	1
739	1
736	1
732	1
729	1
726	2
722	1
720	1
719	1
717	1
712	1
711	1
709	1
708	1
707	1
706	1
703	1
701	2
700	1
698	2
695	1
693	2
689	3
688	1
687	1
686	1
684	1
683	1
680	2
679	1
678	1
676	1
675	1
672	2
671	1
670	1
668	1
667	2
666	1
665	2
664	1
663	1
660	2
654	1
653	1
652	1
647	1
646	1
643	1
642	2
641	2
640	3
633	2
632	1
631	1
630	1
629	1
628	1
627	1
626	1
624	1
622	1
621	2
618	1
617	1
613	1
612	2
610	1
607	1
606	1
600	1
597	1
588	2
587	1
585	2
577	1
574	1
572	3
571	1
563	2
561	1
560	1
558	2
556	1
555	2
554	1
552	1
551	2
550	1
547	2
546	1
544	1
543	1
542	1
541	3
540	1
539	1
538	1
537	1
535	3
534	1
533	1
531	1
529	1
527	3
523	1
519	2
515	1
514	2
513	1
509	1
508	1
507	1
506	1
504	1
503	1
502	1
501	2
496	1
495	2
494	1
491	2
489	1
485	1
484	1
483	1
481	1
477	1
475	1
473	1
472	1
470	1
469	2
466	2
465	1
464	1
462	1
461	1
459	2
456	1
452	2
446	1
442	1
441	1
438	1
435	1
434	2
433	1
430	4
426	1
423	1
422	2
420	2
418	1
415	1
414	1
413	1
411	1
409	1
408	1
405	3
404	2
400	1
399	1
397	1
396	2
394	1
392	1
389	1
387	2
386	1
384	1
383	1
382	3
376	1
374	1
373	1
372	2
371	1
369	1
366	1
365	1
363	1
361	1
359	1
358	1
354	1
352	1
350	1
346	2
344	1
343	1
341	2
340	1
338	1
337	1
333	1
332	3
329	2
327	1
326	2
325	1
322	1
321	1
320	1
319	1
317	4
316	1
315	1
314	1
313	1
310	2
307	1
303	2
297	1
295	3
293	2
289	3
287	1
283	1
278	1
277	2
276	2
274	1
268	2
267	1
266	2
265	3
264	1
263	2
262	1
260	2
258	1
257	1
256	2
254	1
252	1
249	1
248	1
246	1
245	2
244	1
242	2
239	1
237	1
236	1
235	1
233	1
232	1
231	1
230	1
229	1
228	1
227	1
226	1
224	1
222	2
220	1
219	1
215	1
213	1
212	1
209	1
207	1
206	3
204	1
203	1
201	2
200	1
