88
750
523	1
522	1
516	1
510	1
508	1
501	1
490	1
488	2
485	1
483	1
481	1
478	1
474	1
460	1
455	1
449	1
445	1
442	2
437	1
431	1
430	1
426	1
423	1
417	1
416	1
415	1
414	1
412	1
409	1
403	1
397	1
383	1
381	3
377	1
376	1
374	1
373	1
369	1
362	1
356	1
351	2
347	1
345	1
335	1
327	1
321	1
316	1
308	1
302	1
301	1
299	1
298	1
295	1
294	1
281	1
276	1
274	1
273	1
270	1
258	1
255	2
253	2
246	1
244	1
243	1
242	1
239	1
234	1
233	1
232	1
226	1
220	1
218	2
216	1
215	1
214	1
212	1
208	1
206	2
204	2
203	1
192	1
191	1
175	1
172	1
167	2
157	1
150	2
