119
200
140	6
139	5
138	5
137	2
136	7
135	3
134	5
133	5
132	3
131	4
130	6
129	6
128	4
127	9
126	3
125	3
124	5
123	5
122	4
121	6
120	3
119	4
118	4
117	4
116	4
115	3
114	5
113	3
112	3
111	7
110	3
109	4
108	7
107	8
106	4
105	2
104	2
103	7
102	4
101	3
100	4
99	3
98	4
97	5
96	2
95	3
94	6
93	2
92	6
91	8
90	2
89	8
88	6
87	5
86	3
85	9
84	5
83	2
82	3
81	1
80	1
79	4
78	5
77	6
76	6
75	2
74	2
73	4
72	4
71	5
70	2
69	2
68	5
67	3
66	7
65	7
64	1
63	4
62	4
61	1
60	9
59	3
58	3
57	2
56	4
55	7
54	4
53	5
51	5
50	4
49	3
48	2
47	4
46	3
45	3
44	5
43	1
42	7
41	6
40	1
39	4
38	3
37	5
36	3
35	7
34	4
33	5
32	3
31	2
30	6
29	2
28	4
27	5
26	5
24	2
23	7
22	3
21	3
20	4
