90
1000
697	1
696	2
691	1
688	1
684	1
656	1
650	1
625	1
620	1
614	1
612	1
604	1
596	1
591	1
575	1
568	1
556	1
548	1
544	1
541	1
535	2
529	1
514	2
513	1
510	1
509	1
507	1
506	1
505	1
483	1
477	1
467	2
465	1
451	1
450	1
446	1
443	1
442	1
441	1
431	1
426	1
416	1
415	1
408	1
405	2
403	1
402	1
400	1
399	1
398	1
395	1
394	1
391	1
384	2
381	1
377	1
376	1
375	1
369	2
367	1
364	2
360	1
359	1
342	1
338	2
328	1
323	1
319	1
313	1
304	1
303	1
301	1
294	1
284	2
281	1
279	1
276	1
275	1
263	1
257	1
254	1
250	1
249	1
239	1
231	1
225	1
218	1
217	1
215	1
209	1
