168
1000
699	2
698	2
688	1
676	1
674	1
672	1
665	1
661	1
658	1
656	1
655	2
647	1
645	1
644	3
641	1
639	1
634	1
628	1
625	1
623	1
622	1
620	2
618	2
616	1
614	1
606	1
605	1
599	1
591	1
589	1
581	1
572	1
570	1
562	1
549	1
548	1
545	1
543	2
540	1
539	1
537	1
535	1
532	1
528	1
527	1
525	1
524	1
522	1
520	1
512	1
510	1
506	1
498	1
494	2
490	1
482	2
481	2
475	1
473	1
472	1
466	1
465	1
463	1
462	1
454	1
452	2
448	1
444	1
431	1
428	1
427	1
420	1
412	1
408	1
406	1
402	1
393	1
392	1
385	1
384	1
380	1
377	2
376	2
372	1
371	1
366	2
365	1
356	1
355	2
353	1
348	1
344	1
342	1
337	1
336	1
331	2
325	1
322	1
318	2
316	3
311	1
310	1
305	1
302	1
301	1
299	2
298	1
297	1
296	2
295	2
293	2
289	1
288	1
286	1
285	1
284	1
283	1
275	1
269	1
268	1
263	1
262	2
260	1
259	2
252	1
246	1
244	1
242	1
240	1
238	1
231	1
229	1
220	1
214	1
212	1
208	1
206	1
205	1
203	1
199	1
183	1
182	1
181	1
180	1
179	1
173	1
166	1
165	2
163	1
158	3
155	1
153	1
151	1
148	1
144	1
143	1
135	1
131	1
129	1
127	1
125	2
124	1
118	2
115	1
106	1
104	2
101	1
100	1
