246
500
350	4
349	6
348	6
347	2
346	4
345	4
344	6
343	7
342	3
341	3
340	5
339	3
338	2
337	1
336	1
334	2
333	4
332	3
331	6
330	2
329	5
328	2
327	6
326	2
325	2
324	2
323	2
322	3
321	3
320	5
319	8
318	2
317	3
316	3
315	5
314	6
313	3
312	8
311	1
310	2
309	6
308	7
307	3
306	2
305	6
304	6
303	4
302	6
301	5
300	4
299	6
298	4
297	1
296	7
295	7
294	4
293	8
292	3
291	2
290	4
289	9
288	5
287	7
286	6
285	2
284	4
283	7
282	2
281	5
280	3
279	4
278	5
277	5
276	6
275	4
274	4
273	4
272	4
271	2
270	3
269	3
268	10
267	3
266	4
265	5
264	4
263	5
262	4
261	7
260	2
259	2
258	7
257	1
256	3
255	4
254	4
253	3
252	5
251	4
250	2
248	5
247	6
246	3
245	3
244	4
243	7
242	3
241	3
240	8
239	6
238	8
237	4
236	5
235	4
234	2
233	4
232	3
231	1
230	5
229	4
228	4
227	5
226	3
225	2
224	3
223	4
222	2
221	6
220	1
219	3
218	1
217	4
216	3
215	6
214	5
213	2
212	7
211	10
210	4
209	5
208	3
207	7
206	5
205	7
204	4
203	4
202	4
201	4
200	4
199	6
198	1
196	6
195	7
194	2
193	3
192	4
191	6
190	4
189	6
188	2
187	7
186	1
185	3
184	3
183	2
182	3
181	1
180	8
179	3
178	5
177	4
176	5
175	2
174	5
173	3
172	5
171	1
170	1
169	4
168	7
167	6
166	7
165	4
164	4
163	2
162	4
161	4
160	2
159	4
158	4
157	7
156	3
155	4
154	5
153	5
152	3
151	5
150	2
149	2
148	5
147	3
146	3
145	2
144	6
143	2
142	5
141	1
140	5
139	4
138	6
137	6
136	5
135	3
134	2
133	1
132	3
131	5
130	3
129	5
128	5
127	1
126	1
125	2
124	10
123	4
122	3
121	8
120	3
119	1
118	4
117	6
116	5
115	7
114	5
113	6
112	1
111	2
110	4
108	3
106	2
105	6
104	6
103	1
102	2
101	1
100	4
