171
400
320	1
319	2
318	2
317	3
316	1
315	2
314	1
313	2
312	3
311	3
309	1
308	1
307	1
304	4
303	1
301	2
298	1
295	1
292	2
291	1
288	1
286	1
285	2
284	2
280	1
279	2
277	1
276	2
275	2
272	3
271	1
270	2
269	1
268	1
267	1
265	3
264	1
263	1
262	4
261	4
260	1
258	2
257	1
254	3
253	2
252	2
250	1
249	3
248	2
245	4
244	1
243	1
242	2
241	2
240	1
239	3
237	2
235	1
233	3
232	3
231	1
230	1
229	3
228	2
227	1
226	1
222	3
221	1
220	1
219	1
218	1
217	1
216	1
215	1
213	1
212	2
211	2
210	1
209	2
208	1
207	3
206	3
205	1
204	5
203	1
201	1
200	1
198	3
197	3
196	3
195	2
193	3
191	3
189	1
188	1
187	2
185	1
184	2
183	2
182	1
180	2
179	3
178	1
177	1
176	1
175	1
173	1
172	2
171	1
170	1
169	2
167	1
165	1
163	1
161	1
160	3
159	1
158	2
154	2
152	1
151	1
149	1
148	2
145	1
144	3
143	1
142	2
141	2
139	2
138	4
137	2
136	1
135	3
133	1
131	3
130	1
128	2
127	2
126	2
125	2
122	1
120	1
119	1
117	1
116	1
115	1
112	2
110	2
109	1
108	1
107	2
106	2
105	2
103	1
102	1
101	1
100	2
99	3
98	2
97	2
96	2
95	3
94	1
93	4
90	1
89	2
88	1
87	3
86	1
83	2
81	2
