327
500
400	4
399	4
397	4
395	1
394	3
393	6
392	4
390	2
389	5
388	3
387	3
386	2
385	3
384	2
383	4
382	3
381	1
380	2
379	1
378	6
377	4
376	2
375	5
374	1
373	8
372	1
371	2
370	4
369	3
368	4
367	5
366	1
365	3
364	2
363	5
362	3
361	2
360	4
359	4
357	2
356	1
355	3
354	4
353	1
352	4
351	6
350	2
349	1
348	3
346	1
345	2
344	3
343	1
342	3
341	6
340	3
339	1
338	3
337	2
336	2
335	2
334	3
333	4
332	2
331	2
330	5
329	2
328	2
327	1
326	1
325	7
324	4
323	4
322	5
321	3
320	3
318	5
317	1
316	4
315	2
314	3
313	4
312	6
311	5
310	3
309	6
308	1
307	3
306	1
305	3
304	2
303	2
302	5
301	5
300	3
298	4
297	6
296	2
295	6
294	1
293	1
292	2
291	2
290	1
289	4
288	1
287	2
286	3
285	2
284	2
283	3
282	3
281	2
279	1
278	3
277	4
276	4
275	4
274	2
273	2
272	4
271	2
270	2
269	4
268	5
267	1
266	3
265	2
264	3
263	2
262	2
261	2
260	4
258	6
257	3
256	5
254	1
253	3
252	3
251	4
250	4
249	2
248	4
247	4
246	4
245	2
244	6
243	4
242	2
241	5
239	1
238	3
236	1
235	1
234	2
233	4
232	3
231	1
230	4
229	2
227	4
226	7
225	3
224	4
223	1
222	3
221	5
220	2
218	7
217	1
216	1
215	3
214	4
213	3
212	2
211	4
210	3
209	3
208	3
207	5
206	4
205	5
204	1
203	1
202	3
201	3
200	4
199	2
198	5
197	1
196	3
195	2
194	3
193	1
192	2
190	5
188	5
187	2
186	5
185	2
184	4
183	1
182	1
181	3
180	2
179	1
178	4
177	6
176	3
175	5
174	5
173	2
172	3
171	4
170	2
169	4
168	5
167	3
166	3
165	3
164	3
163	4
162	5
160	2
159	2
158	2
157	4
156	2
154	3
153	5
152	2
151	5
150	4
149	3
148	3
147	4
146	3
145	1
144	4
143	2
142	4
141	4
140	4
139	5
138	8
137	1
136	2
135	1
134	3
133	1
132	1
131	7
130	6
129	3
128	3
127	2
126	2
125	2
124	5
123	2
122	3
121	1
120	1
119	5
118	2
116	3
115	6
114	6
113	7
112	4
111	3
110	1
109	1
107	1
106	5
105	2
104	1
103	1
102	3
101	2
100	4
99	1
98	6
97	3
96	5
95	3
94	2
92	1
91	5
90	2
88	4
87	2
86	5
85	1
84	3
83	3
81	2
80	3
79	1
78	2
77	1
76	4
75	3
74	4
73	2
72	5
71	2
70	5
69	2
68	3
67	6
66	1
65	1
64	2
63	5
62	4
61	1
60	6
59	2
58	1
56	3
55	3
54	2
53	2
52	7
51	2
50	4
