142
300
210	3
209	3
208	3
207	3
206	2
205	4
204	3
203	3
202	3
201	3
200	2
199	1
198	3
197	2
196	2
195	2
194	3
193	1
192	6
191	5
190	2
189	2
188	2
187	1
186	4
185	5
184	6
183	3
182	1
181	3
180	5
179	2
178	4
177	2
176	3
175	2
174	6
173	5
172	5
171	1
170	1
169	2
168	3
167	7
166	4
165	3
164	5
163	2
162	2
161	4
160	2
159	1
158	3
156	1
155	3
154	2
152	1
151	6
150	5
149	6
148	2
147	1
146	3
145	2
144	3
143	1
142	2
141	3
140	2
139	3
138	2
137	2
136	2
135	3
133	5
132	3
131	5
129	5
128	1
127	3
126	1
125	1
123	2
121	2
120	2
119	1
118	2
117	5
116	2
115	2
114	2
113	1
112	4
111	2
110	5
109	4
108	1
107	4
106	2
105	5
104	3
103	1
102	1
101	2
100	4
99	3
98	2
97	4
96	2
95	1
94	4
93	4
92	7
91	1
90	5
89	1
88	2
87	1
86	2
85	1
84	4
83	2
82	4
80	1
79	1
78	5
77	2
76	2
75	3
74	3
73	3
72	1
70	4
69	3
68	1
67	5
66	2
65	4
63	2
62	5
61	4
60	1
