391
1000
700	2
699	1
697	1
696	1
695	1
694	2
693	1
692	1
691	1
690	1
689	2
688	1
686	3
684	5
683	2
682	2
681	3
680	2
679	3
678	2
675	2
674	1
673	2
671	2
670	2
669	1
668	3
666	2
665	3
664	1
663	1
662	4
661	4
660	2
659	3
657	2
656	2
655	1
654	1
651	2
650	1
649	1
647	2
645	1
644	2
643	1
642	2
641	1
640	1
639	1
638	2
637	3
636	1
632	2
631	3
630	1
629	1
627	1
625	1
624	1
622	2
621	2
619	1
618	2
617	3
613	1
612	2
610	1
609	2
606	2
605	2
603	2
601	2
600	1
599	1
598	3
596	1
595	2
594	2
593	1
592	1
591	2
590	2
589	1
588	1
587	2
586	2
585	1
584	3
583	6
582	1
581	2
580	1
578	1
576	2
575	5
574	1
573	2
572	3
571	2
570	3
569	2
566	4
565	3
564	3
563	2
562	1
561	2
560	1
559	1
556	1
555	1
554	2
553	2
551	1
550	1
549	1
548	1
546	4
544	1
543	2
542	3
541	3
540	2
538	3
537	3
536	1
535	3
534	1
533	1
532	3
531	1
530	1
529	1
528	2
527	1
525	1
524	1
521	1
520	3
519	1
518	2
517	2
516	1
515	2
514	2
513	1
511	1
510	4
509	1
507	2
506	1
505	2
504	1
502	1
501	2
500	2
499	1
498	2
497	2
496	4
495	1
494	1
492	1
490	4
489	1
487	3
485	3
484	3
483	3
482	4
481	1
480	1
479	2
478	3
477	2
476	2
475	4
474	1
473	1
472	1
471	2
470	1
469	1
468	1
466	1
465	2
463	4
462	2
461	3
460	1
458	2
453	2
452	1
450	1
449	1
448	1
447	2
446	3
445	2
444	1
442	3
441	2
438	2
437	2
436	2
435	2
434	3
433	2
431	2
430	2
429	2
427	2
425	1
424	5
423	3
421	3
420	1
419	1
417	1
416	4
415	1
414	1
413	2
412	2
410	1
409	2
408	2
407	4
405	4
404	3
403	1
402	4
401	2
400	2
399	3
397	2
394	1
393	1
392	3
391	1
390	1
389	5
387	1
385	2
384	1
383	1
382	1
381	3
380	3
379	4
378	1
377	1
374	3
373	2
372	2
371	1
369	2
368	2
365	2
364	4
363	2
362	1
361	3
360	2
359	3
358	2
357	3
356	1
355	2
354	3
353	3
352	3
350	3
349	3
348	2
347	2
346	1
345	1
344	1
341	4
340	2
339	2
338	1
337	1
336	1
335	1
334	1
333	1
332	1
331	2
330	3
329	2
328	1
327	2
325	1
324	1
323	1
322	2
321	1
320	5
318	2
317	1
314	2
313	1
311	2
309	1
308	3
307	1
306	2
305	2
304	2
303	2
301	2
299	1
298	3
297	3
296	4
295	1
294	1
293	1
292	1
291	1
289	1
288	1
286	2
285	3
284	1
283	1
282	1
281	3
279	1
278	3
276	1
275	2
274	2
273	1
272	3
271	4
269	2
268	1
267	3
265	1
264	2
263	1
261	1
260	1
259	4
258	2
257	3
256	1
254	2
253	2
252	1
251	1
250	1
248	2
247	1
246	1
245	2
244	1
243	2
242	4
241	2
240	1
239	1
238	3
237	1
236	3
235	1
233	2
231	2
230	3
228	2
227	4
226	1
225	2
224	3
223	3
222	3
218	1
217	1
216	2
214	2
213	2
212	2
211	3
206	4
205	2
202	3
201	4
