233
400
320	1
319	3
318	2
317	6
316	2
315	3
314	1
313	2
312	2
311	2
310	5
309	1
308	5
307	1
306	3
305	4
304	2
303	1
302	1
301	2
300	4
299	1
298	3
297	2
296	7
295	1
294	1
293	1
290	3
289	6
288	4
287	3
286	5
285	3
284	4
283	3
282	1
281	4
280	1
279	3
277	4
276	3
275	3
274	3
273	1
272	1
271	6
270	2
269	2
267	5
266	3
265	5
264	1
263	4
262	2
261	2
260	6
259	1
258	6
257	4
256	9
255	6
254	2
253	2
252	2
251	5
250	2
249	4
248	4
247	4
246	5
245	2
243	3
242	7
241	7
240	2
239	4
238	1
237	3
236	5
235	2
234	1
233	2
232	4
231	2
230	6
229	2
228	7
227	2
226	4
225	6
224	5
223	5
222	5
221	1
220	1
219	2
218	4
217	1
216	1
215	2
214	2
213	2
212	3
211	3
210	1
209	6
208	2
207	1
206	2
205	8
204	6
203	1
202	3
201	3
200	1
199	2
198	3
197	4
196	3
195	4
194	3
193	3
192	3
191	2
190	3
189	3
188	4
187	2
186	2
185	3
184	4
183	5
182	2
181	2
180	2
179	2
178	2
177	4
176	3
175	7
174	2
173	1
172	4
171	4
170	1
169	4
168	4
167	4
166	2
165	8
164	3
163	3
162	6
161	2
160	3
159	4
158	3
156	2
155	4
154	4
153	2
152	4
151	3
150	7
149	1
148	4
147	3
146	3
145	4
144	6
143	2
142	4
141	2
140	7
139	3
138	4
137	4
136	5
135	3
134	4
132	2
131	2
130	4
129	2
128	6
127	3
126	5
125	3
124	5
122	3
121	5
120	6
119	1
118	5
117	2
116	3
115	2
114	1
113	1
112	4
111	3
110	2
109	6
108	2
107	6
106	2
105	3
104	2
103	7
102	1
101	5
100	6
99	4
98	1
97	3
96	2
95	2
94	2
93	5
92	3
91	5
90	2
89	3
88	2
87	4
86	4
85	3
84	1
83	2
82	2
81	2
80	7
