222
500
400	1
399	1
398	4
397	1
396	2
395	1
394	1
392	2
391	1
389	3
386	3
385	3
383	2
382	4
381	3
379	3
378	2
377	1
376	4
373	2
371	2
370	2
369	3
367	3
365	3
364	1
363	1
361	1
360	1
359	1
358	3
356	2
354	2
353	3
352	3
349	1
348	2
347	2
345	3
344	2
343	1
342	3
341	3
339	1
338	2
337	1
336	3
335	1
334	1
332	4
331	1
330	3
328	1
326	1
324	1
323	2
322	2
321	2
320	1
319	1
318	2
317	3
314	1
313	1
312	2
310	2
309	1
307	1
306	3
305	2
302	1
300	2
299	2
298	1
297	1
296	3
295	1
294	1
293	1
292	3
291	3
290	2
289	2
288	1
287	2
286	2
285	1
284	4
281	1
280	2
279	1
278	1
277	1
276	1
275	1
274	1
273	2
272	1
271	1
270	1
268	1
265	2
264	2
261	1
260	2
259	1
258	2
257	4
256	2
255	1
254	1
253	1
251	4
248	2
246	2
245	1
244	1
243	1
242	1
241	2
240	2
236	1
235	2
234	1
233	1
231	2
229	2
228	2
227	2
226	2
225	2
224	3
223	1
220	1
219	3
216	2
214	3
213	2
212	2
210	1
208	1
207	2
205	3
204	2
203	1
202	1
201	1
198	3
197	1
196	1
195	2
194	1
193	2
192	3
191	2
190	1
189	1
188	2
187	1
186	1
185	2
182	2
179	1
178	1
177	2
176	1
175	1
174	1
172	2
171	4
170	1
166	1
164	3
162	1
161	2
160	2
159	1
158	2
157	1
156	4
154	2
152	4
150	2
149	2
148	2
147	1
146	1
144	2
143	1
142	1
140	1
139	1
138	2
136	2
135	2
134	1
133	4
132	4
131	1
130	1
129	3
128	2
127	2
125	1
124	2
123	1
121	2
120	2
119	1
118	1
117	1
116	1
115	2
113	1
112	4
111	3
109	2
107	1
105	1
104	2
101	1
100	4
