179
300
210	3
209	5
208	8
207	6
206	5
205	4
204	5
203	7
202	2
201	4
200	4
199	3
198	10
196	8
195	3
194	8
193	7
192	6
191	3
190	5
189	8
188	6
187	6
186	8
185	5
184	6
183	5
182	7
181	6
180	9
179	6
178	11
177	8
176	3
175	3
174	6
173	11
172	5
171	5
170	4
169	8
168	9
167	3
166	5
165	7
164	7
163	4
162	11
161	5
160	6
159	13
158	6
157	9
156	4
155	5
154	10
153	3
152	3
151	7
150	7
149	4
148	5
147	6
146	3
145	3
144	2
143	4
142	1
141	5
140	6
139	3
138	5
137	5
136	4
135	7
134	5
133	10
132	6
131	5
130	2
129	5
128	10
127	4
126	8
125	5
124	7
123	4
122	3
121	6
120	6
119	6
118	2
117	7
116	3
115	4
114	11
113	8
112	4
111	5
110	4
109	5
108	6
107	8
106	5
105	3
104	6
103	4
102	5
101	5
100	7
99	8
98	8
97	4
96	10
95	5
94	6
93	9
92	6
91	4
90	6
89	7
88	6
87	11
86	5
85	1
84	9
83	7
82	2
81	6
80	3
79	5
78	5
77	2
76	6
75	3
74	3
73	4
72	8
71	10
70	5
69	6
68	5
67	4
66	6
64	3
63	7
62	7
61	8
60	4
59	12
58	4
57	6
56	10
55	4
54	5
53	3
52	3
51	9
50	1
49	3
48	10
47	3
46	3
45	6
44	3
43	5
42	6
41	6
40	4
39	2
38	4
37	4
36	5
35	4
34	5
33	5
32	7
31	7
30	4
