280
1000
698	2
696	4
695	1
688	1
687	3
685	1
683	1
681	2
680	1
679	1
678	1
676	3
673	1
671	1
670	2
669	3
668	1
666	1
664	3
662	1
661	1
660	1
658	1
657	3
655	1
654	2
653	1
652	2
651	1
650	1
649	2
648	1
646	1
642	2
641	1
638	1
637	1
636	2
633	1
631	1
629	2
627	3
626	2
622	1
618	2
616	1
614	1
612	2
611	2
609	1
608	3
606	1
603	1
602	1
600	1
599	4
596	1
595	1
594	1
592	1
591	2
590	1
588	1
586	1
585	1
584	1
583	1
582	1
580	2
579	1
578	1
576	1
573	2
570	1
569	1
567	3
566	2
565	2
564	1
562	1
559	1
557	3
554	1
553	3
552	1
550	2
549	1
548	1
542	1
541	1
540	2
539	1
537	1
535	2
530	1
529	1
528	1
527	2
522	1
521	1
516	1
513	2
512	1
511	1
510	1
508	2
507	3
505	2
504	1
501	1
499	2
497	1
496	1
493	2
492	1
490	1
488	2
487	1
485	1
484	1
483	1
482	3
481	2
480	1
477	1
476	2
474	2
473	1
472	1
471	1
470	1
469	1
465	1
464	3
460	1
459	1
458	1
455	1
452	2
451	1
450	3
449	1
448	2
447	1
441	1
440	1
439	2
437	1
436	1
435	1
429	2
428	1
426	2
424	4
422	2
420	1
419	1
417	1
415	2
414	2
413	2
412	2
411	2
410	1
402	2
401	1
400	2
399	1
397	1
395	1
394	1
392	1
391	1
390	1
389	2
387	2
385	2
384	1
383	1
382	2
381	2
379	1
375	1
374	1
371	1
367	1
366	2
365	1
364	2
362	1
359	1
358	2
357	1
356	1
355	1
354	1
353	1
349	1
348	1
346	1
344	1
343	1
342	1
337	1
334	2
332	1
330	1
326	1
325	1
324	2
323	1
321	1
320	1
317	1
314	1
313	1
311	1
310	1
309	2
307	1
305	3
304	1
303	1
300	1
298	2
292	1
289	2
288	1
287	1
282	2
281	1
278	2
277	1
276	1
275	2
272	1
270	1
268	2
266	1
264	2
263	1
261	1
259	1
258	3
257	1
255	2
254	3
253	2
252	2
251	1
249	2
248	1
247	3
246	1
245	1
244	1
243	1
242	1
241	1
239	2
238	1
234	1
232	2
230	1
228	1
226	1
225	1
224	2
221	1
220	1
218	2
215	3
213	1
212	1
210	4
208	1
204	1
203	1
202	1
201	1
