203
500
398	2
397	1
396	3
394	2
392	1
391	1
390	1
389	2
387	1
386	2
385	1
384	1
382	2
381	1
380	1
377	3
376	1
375	2
374	2
372	1
371	1
370	1
369	3
368	2
367	1
366	1
365	1
364	1
362	1
361	1
359	2
358	1
355	1
354	1
353	2
352	1
350	1
349	1
348	1
347	1
344	2
343	3
341	2
339	2
337	2
336	2
334	1
333	1
329	1
326	4
325	1
324	1
321	1
319	1
318	1
317	2
314	1
313	1
312	1
311	1
310	2
309	1
308	1
307	2
306	1
305	2
304	1
303	1
302	1
301	3
300	3
299	2
297	2
296	1
293	2
292	1
291	2
289	1
288	2
287	1
286	1
285	2
281	1
279	2
278	2
276	1
275	3
274	1
273	3
271	1
270	2
269	2
268	1
267	1
264	2
263	1
261	2
260	1
259	1
258	2
257	1
256	1
255	1
254	1
253	2
252	2
251	1
249	1
248	1
247	1
246	1
245	1
243	1
242	1
241	2
238	1
237	1
235	1
234	2
233	1
231	1
230	1
229	1
228	1
226	1
225	3
224	3
221	1
219	2
216	1
215	1
214	1
213	2
212	2
210	2
208	1
206	1
205	1
203	1
201	1
200	2
199	2
198	3
196	1
194	2
193	1
192	1
191	1
188	2
187	3
186	1
184	1
181	2
178	1
177	1
176	1
174	1
173	2
172	1
171	2
170	2
168	2
167	2
166	3
165	1
164	3
163	3
160	1
159	1
158	1
157	1
151	1
150	1
149	2
148	3
146	3
144	1
143	1
142	2
139	2
136	1
135	1
133	1
129	1
127	2
126	2
125	1
124	1
123	1
122	1
121	1
118	1
117	1
115	1
111	1
109	1
107	1
106	1
104	2
103	2
102	4
101	1
100	1
