291
500
350	2
349	1
348	4
347	4
346	5
345	4
344	3
343	2
342	6
341	1
340	2
339	4
338	4
337	2
336	3
335	4
334	3
333	1
332	4
331	3
330	5
329	6
328	2
327	5
326	5
324	3
323	3
322	2
321	3
320	1
319	4
318	3
317	4
316	5
315	5
314	3
313	4
312	1
311	3
310	4
309	9
308	2
307	5
306	2
305	5
304	2
303	2
302	3
301	2
300	6
299	6
298	2
297	4
296	1
295	1
294	2
293	3
292	2
291	4
290	2
289	3
288	4
287	7
286	5
285	2
284	6
283	1
282	5
281	1
280	3
279	4
278	3
277	2
276	1
275	3
274	1
273	2
272	2
271	4
270	11
269	1
268	7
267	2
265	4
264	1
263	3
262	1
261	5
260	6
259	4
258	1
257	9
256	5
255	4
254	3
253	2
252	2
251	1
249	4
248	2
247	3
246	2
244	5
243	1
242	4
241	3
240	5
239	2
237	2
236	1
235	2
234	3
233	5
232	3
231	6
230	4
229	2
228	5
227	3
226	3
225	3
224	3
223	4
222	4
221	3
220	4
219	3
218	1
217	2
216	1
215	2
214	2
213	4
212	4
211	6
210	2
209	3
208	3
207	1
206	6
205	5
204	5
203	3
202	3
201	2
200	10
199	5
198	7
197	4
196	4
195	8
194	3
193	5
192	4
191	5
190	1
189	6
188	2
187	2
186	2
185	3
184	1
183	3
182	3
181	2
180	2
179	3
178	4
177	4
176	1
175	1
174	5
173	2
172	2
171	3
170	1
169	2
168	2
167	3
166	4
165	7
164	1
163	2
162	3
161	2
160	3
159	4
158	1
157	2
156	2
155	4
154	3
153	4
152	3
151	4
150	3
149	1
148	2
147	10
146	3
145	3
144	2
143	5
142	8
141	2
140	4
139	7
138	3
137	7
136	1
135	4
134	2
132	3
131	1
130	6
129	5
128	4
127	6
126	2
125	4
124	6
123	2
122	3
121	2
120	2
119	3
118	1
117	5
116	2
115	4
114	2
113	3
112	2
111	2
110	1
109	1
108	4
107	4
106	4
105	6
104	4
102	2
101	3
100	4
99	4
98	1
97	1
96	10
95	6
94	3
93	6
92	6
90	4
89	3
88	4
87	6
86	4
84	5
83	4
82	3
81	3
79	3
78	2
77	2
76	5
75	3
74	5
73	1
72	3
71	10
70	8
69	3
68	6
67	2
66	2
65	3
64	5
63	5
62	4
61	8
60	3
59	2
58	2
57	1
56	2
55	8
54	6
53	3
52	2
51	1
50	5
