327
750
525	3
524	3
523	1
522	3
521	5
520	2
519	2
518	3
517	7
516	2
515	1
513	1
512	2
510	3
508	1
506	1
505	2
504	2
503	1
501	3
500	5
499	1
498	4
497	2
496	3
494	3
493	2
491	6
490	3
489	1
488	1
487	1
486	3
485	2
484	4
483	2
482	1
481	2
479	2
478	1
477	2
476	4
475	1
474	2
472	5
471	1
470	2
469	1
468	3
467	2
466	1
465	1
464	3
463	1
462	2
461	2
460	1
459	1
458	1
457	1
456	5
455	2
454	1
453	1
452	3
451	2
450	5
449	2
448	3
447	3
445	3
444	1
443	2
442	2
441	1
440	2
438	2
437	1
436	1
435	1
434	3
433	1
432	1
431	8
430	1
429	2
428	3
427	3
426	2
424	1
423	2
422	1
420	3
419	4
418	3
417	1
416	2
415	1
413	3
412	4
411	1
410	2
409	2
408	2
407	1
406	5
405	6
404	1
403	2
402	2
401	1
399	2
396	2
394	2
393	2
392	2
389	2
388	3
387	3
386	2
385	2
384	2
383	5
382	1
381	1
379	1
378	4
377	3
376	5
375	1
374	3
373	3
371	3
370	1
369	4
368	1
367	1
366	1
365	3
364	3
363	1
362	4
360	1
359	2
358	1
357	3
356	6
355	2
354	2
353	2
352	4
351	3
350	1
349	3
348	3
347	3
345	4
344	3
342	2
341	3
340	2
339	1
338	1
336	3
335	2
334	1
333	1
332	1
331	3
330	2
329	1
327	3
326	5
324	1
323	1
322	1
321	2
317	5
315	1
314	1
313	3
312	2
311	2
310	2
309	1
308	3
307	3
306	3
305	1
303	1
302	5
301	3
300	3
299	1
298	1
297	1
296	2
295	1
294	1
293	4
292	2
291	1
290	4
289	3
288	1
286	4
285	2
284	2
283	4
281	2
280	4
278	1
277	1
276	1
275	1
274	4
273	3
272	3
271	3
270	3
269	3
268	3
267	2
266	1
265	2
264	1
263	3
261	3
260	3
259	1
258	2
257	1
255	1
253	1
251	3
250	2
249	4
248	4
247	1
246	3
245	4
244	2
243	2
242	2
241	3
240	2
239	1
238	3
237	1
236	1
235	3
234	2
233	1
232	3
231	3
230	3
229	1
228	4
227	2
226	2
225	5
224	1
223	3
222	1
221	3
220	5
219	2
218	1
216	3
215	4
213	5
212	1
211	1
210	5
209	1
208	1
207	1
206	1
205	3
204	2
203	3
202	3
200	4
199	1
198	4
197	1
196	5
195	2
194	2
193	1
191	2
190	1
189	3
188	4
187	5
186	1
185	3
183	1
182	1
181	2
180	3
179	1
178	1
177	5
176	4
175	1
174	2
173	2
172	1
171	3
170	2
168	2
167	2
166	1
165	2
164	2
163	3
162	1
161	2
159	5
158	1
157	3
156	1
155	2
154	4
152	3
150	2
