220
750
524	1
523	2
521	2
520	1
517	1
516	1
515	2
513	1
510	2
509	1
506	1
503	1
500	1
499	1
498	2
497	2
496	1
494	2
493	2
491	1
490	1
488	1
487	2
485	1
483	1
479	2
478	1
477	2
476	1
472	1
471	2
470	1
469	1
468	1
466	2
465	2
464	2
463	1
462	2
461	2
460	3
459	1
458	1
455	1
454	2
452	1
451	2
449	2
447	2
446	4
445	1
444	1
443	2
442	1
440	1
439	1
438	1
437	1
436	1
435	3
432	3
431	1
430	1
429	1
426	1
424	1
423	1
422	2
421	1
420	2
414	1
413	1
410	2
409	1
405	1
404	1
402	2
401	1
400	1
398	1
397	1
396	1
394	1
393	1
391	1
390	1
387	1
386	1
385	1
382	1
381	2
379	3
378	1
377	1
376	1
373	1
371	1
370	1
369	1
368	1
364	1
362	1
361	1
360	1
359	1
358	2
354	2
353	2
352	1
350	1
349	3
348	1
347	1
346	1
343	1
342	1
338	1
335	1
333	1
332	2
331	1
330	1
327	1
326	1
323	4
320	1
319	2
318	1
316	1
311	1
310	2
308	4
307	2
306	1
305	1
304	1
303	1
302	1
301	2
300	1
299	1
293	3
292	2
291	1
290	1
288	3
286	1
285	1
281	2
279	1
276	1
275	1
274	1
270	1
267	1
265	1
264	1
263	1
262	1
261	1
256	1
255	1
252	1
251	1
250	1
249	1
248	1
247	1
246	1
244	1
243	2
242	1
238	2
237	1
236	2
232	2
231	2
230	2
228	1
226	1
224	2
223	1
221	1
220	2
217	1
216	1
215	1
212	1
211	1
210	1
207	1
205	1
204	1
200	1
199	4
198	1
197	1
195	3
192	1
190	1
187	2
186	1
184	2
182	1
181	1
180	1
177	1
172	1
171	2
170	2
169	1
166	1
164	1
162	1
161	1
156	1
154	2
152	3
151	1
150	1
