136
300
210	1
209	2
208	2
207	3
206	2
205	2
204	1
203	7
202	1
201	2
200	4
199	3
198	1
197	2
196	4
195	4
194	4
192	6
191	2
190	2
189	3
188	5
187	3
186	5
185	8
184	3
183	5
182	3
181	3
180	3
179	1
178	4
177	3
176	3
175	3
174	4
173	4
172	4
171	5
170	5
169	2
168	3
167	2
166	1
165	6
164	1
163	3
161	3
160	3
159	1
158	1
157	4
156	3
155	3
154	5
153	5
151	2
150	3
149	3
148	3
147	3
146	3
145	5
144	1
143	2
142	5
141	1
140	5
139	3
138	1
136	3
134	1
133	3
132	2
131	4
130	4
129	2
127	2
126	4
125	1
124	2
123	1
122	1
121	3
120	3
119	2
117	3
116	4
115	4
114	3
112	4
111	2
110	2
109	3
107	1
106	3
104	2
103	2
102	3
101	2
100	3
99	5
98	3
97	1
96	4
95	4
93	1
92	3
91	4
90	3
89	3
88	2
87	3
86	2
85	3
84	3
83	2
82	1
81	2
80	3
77	6
76	3
75	2
74	3
73	2
71	5
70	1
69	6
68	2
67	2
66	5
64	2
63	5
62	2
61	2
60	3
