288
500
350	7
348	4
347	6
346	4
345	2
344	1
343	2
342	7
341	5
340	3
339	4
338	7
337	5
336	3
335	3
334	3
333	3
332	2
331	5
330	4
329	9
328	4
327	3
326	1
324	1
323	2
322	1
321	4
320	3
319	5
318	2
317	2
316	2
315	4
314	7
313	3
312	6
311	5
310	4
309	5
308	1
307	3
306	3
305	5
304	3
303	6
302	7
301	1
300	1
299	2
298	2
297	5
296	2
295	3
294	3
293	4
292	7
291	3
290	3
289	5
288	6
287	4
286	4
285	3
284	2
283	3
282	4
281	2
280	4
279	3
278	4
277	8
276	6
275	4
274	5
273	6
272	3
271	1
270	2
269	2
268	3
267	5
266	3
265	3
264	3
263	1
262	2
261	2
260	1
259	5
258	2
256	4
254	3
253	3
252	1
251	3
250	6
249	3
248	2
247	4
246	2
245	4
244	6
243	7
241	2
240	2
239	7
238	2
237	3
236	5
235	5
234	3
233	1
232	3
231	7
230	2
229	1
228	6
227	3
226	4
225	2
224	4
223	1
222	4
221	4
220	3
219	9
218	4
217	1
216	6
215	5
214	4
213	2
212	1
211	2
210	1
209	3
207	8
206	3
205	2
203	8
202	2
201	6
200	2
199	1
198	3
197	2
196	2
195	3
194	5
193	1
192	3
191	2
189	3
188	2
187	1
186	1
185	3
184	3
183	4
182	4
181	3
180	2
179	3
178	4
177	4
176	4
175	4
174	4
173	2
172	4
171	3
170	1
169	3
168	4
167	5
166	4
165	1
164	3
163	5
162	6
161	5
159	3
158	2
157	5
156	4
155	3
154	2
153	2
152	1
151	2
150	5
149	1
148	5
147	2
146	4
145	3
144	2
143	2
142	5
141	1
140	5
139	5
138	3
136	3
135	6
134	5
133	4
132	2
131	3
130	5
129	4
128	8
126	3
125	5
124	3
123	6
122	1
121	4
120	2
119	4
118	1
117	2
116	3
115	2
114	3
113	4
112	5
111	4
110	2
109	2
108	3
107	1
106	2
105	7
104	5
103	2
102	3
101	5
100	5
99	3
98	2
97	4
96	2
95	1
94	4
93	2
92	5
91	1
90	4
89	8
88	4
87	6
86	5
85	3
84	2
83	2
82	3
81	3
80	1
79	7
78	8
77	9
76	4
75	5
74	3
73	1
72	1
71	2
70	3
69	3
68	2
67	5
66	4
65	4
64	4
62	2
61	3
60	2
59	3
58	2
57	3
56	3
54	3
53	5
52	5
51	4
50	3
