162
300
240	3
238	3
237	1
236	2
234	3
233	1
232	1
231	2
230	2
229	2
228	1
227	1
226	4
224	4
223	1
222	1
221	1
220	1
219	3
218	1
217	2
216	1
215	1
213	1
212	1
211	2
210	1
209	2
208	4
207	2
206	3
204	2
201	1
200	2
199	2
197	1
195	1
194	3
193	1
192	1
191	3
190	1
189	2
188	3
187	1
186	2
185	2
184	1
183	1
182	2
181	2
180	2
178	2
177	2
176	4
174	1
172	2
171	3
170	2
169	3
168	1
167	2
165	2
164	1
163	4
161	2
158	1
157	4
156	3
155	1
154	1
153	2
152	1
150	2
149	1
147	2
146	3
145	2
144	3
143	1
142	2
138	2
137	2
136	1
135	2
134	3
133	3
132	3
130	1
129	1
128	2
127	2
126	2
124	1
123	1
122	2
116	1
115	3
114	1
113	1
112	6
111	3
110	4
109	1
105	2
104	1
103	2
102	3
100	1
99	2
96	1
95	1
93	3
92	1
90	2
89	2
88	3
87	1
86	1
85	4
84	1
83	1
82	1
81	1
80	1
79	1
78	3
76	1
74	3
73	1
71	1
67	1
66	1
65	3
64	2
63	1
62	2
61	1
59	1
58	2
57	3
56	1
55	5
54	2
52	1
51	3
50	1
48	2
47	1
46	1
45	1
44	4
42	2
41	2
40	1
39	1
38	1
37	1
36	1
35	2
33	2
30	1
