490
1000
800	3
799	4
798	1
797	1
794	2
793	1
791	2
789	3
788	1
785	2
784	4
782	1
779	3
778	2
776	3
775	1
773	3
772	1
771	1
770	1
769	3
768	2
767	1
766	2
765	3
764	1
763	2
762	2
761	3
760	3
758	1
757	3
756	2
755	1
754	2
753	1
752	1
751	4
750	4
749	1
748	1
747	1
746	2
744	1
743	1
742	1
741	1
740	3
739	1
738	4
737	1
736	3
734	1
733	3
732	2
731	3
730	2
729	2
727	1
726	3
725	2
724	3
723	3
722	2
721	1
720	2
719	1
717	5
716	1
715	1
714	2
712	3
711	1
710	2
709	3
708	1
707	2
706	2
705	3
703	2
702	1
700	1
699	1
697	1
696	1
694	1
693	2
692	1
691	2
690	1
689	1
688	3
687	1
686	3
685	3
684	2
683	2
682	2
681	1
680	1
679	3
678	1
676	3
674	2
673	1
672	2
671	1
670	2
669	2
668	1
667	2
666	2
665	3
664	1
663	3
662	1
661	1
658	1
657	2
656	1
655	1
654	3
653	2
652	3
651	2
650	4
649	4
648	2
647	4
646	1
645	2
644	2
643	4
642	3
641	3
640	4
638	3
637	1
636	1
635	1
634	1
633	1
632	2
631	1
629	4
627	2
626	2
625	2
624	2
623	1
622	3
620	1
619	3
618	1
617	2
616	3
614	3
613	2
612	1
611	2
610	1
607	2
606	2
604	1
603	2
602	3
601	2
600	3
598	2
597	1
596	1
595	2
594	2
593	2
592	3
591	2
589	1
587	3
586	2
585	1
584	2
583	1
582	1
581	1
580	1
579	1
578	2
577	5
576	1
575	1
574	4
572	2
570	1
569	2
567	1
565	1
564	1
563	1
562	2
561	3
560	4
559	2
558	3
557	3
556	2
555	2
554	1
552	2
550	2
549	1
548	2
547	1
546	3
543	3
542	2
541	4
539	2
538	1
537	2
536	1
535	2
534	1
533	1
532	2
530	2
529	2
528	2
527	1
526	2
525	4
524	2
523	2
522	4
521	3
520	1
518	2
517	1
516	3
515	2
514	1
513	2
512	3
511	2
510	3
509	3
507	3
505	2
504	2
503	2
500	3
499	1
498	1
497	3
496	2
495	4
493	1
492	5
491	1
490	3
488	2
487	1
484	2
483	5
482	3
481	3
479	2
478	3
477	2
476	1
475	2
474	2
473	1
472	1
471	3
470	1
469	6
468	2
467	1
466	2
465	1
463	2
462	2
461	2
459	4
458	1
457	1
453	3
451	1
450	3
449	4
447	2
446	4
444	1
443	2
442	2
441	2
440	4
439	3
438	2
436	2
435	3
434	3
433	2
432	2
431	2
428	1
426	1
425	3
424	2
423	1
421	1
420	1
418	1
417	5
416	1
415	3
414	4
413	3
412	4
411	1
410	3
409	1
407	1
406	3
404	2
403	1
402	4
401	1
400	2
399	6
398	2
397	5
396	1
395	3
394	1
393	1
391	1
390	1
389	3
388	1
387	2
386	1
385	1
384	4
381	2
379	1
378	1
377	4
376	2
375	1
374	3
372	2
371	1
370	2
369	1
367	1
366	3
365	1
364	1
363	1
362	1
361	4
360	3
359	2
358	1
357	1
355	1
354	1
353	5
352	3
351	1
350	2
349	1
346	1
345	2
344	4
343	2
342	2
341	2
340	1
339	3
336	4
333	2
332	1
330	4
329	1
328	1
327	3
326	1
324	2
323	2
321	4
320	1
319	1
317	1
313	3
312	3
311	1
308	2
306	3
304	1
303	4
302	5
301	2
300	1
299	3
296	1
295	1
294	2
291	1
290	3
289	2
288	4
287	1
286	2
285	2
284	1
283	1
282	1
280	2
279	1
278	5
277	5
276	1
275	4
274	2
273	1
272	4
271	3
270	1
268	3
267	3
266	1
265	1
264	1
263	1
262	4
261	2
260	2
259	2
258	1
257	1
256	3
254	2
253	4
252	2
251	1
250	1
248	2
247	3
246	4
245	2
243	2
242	2
241	2
240	2
238	1
237	2
236	1
235	1
234	2
232	2
231	2
230	1
229	1
228	2
227	2
226	2
225	1
224	2
223	3
222	1
221	4
220	2
219	1
218	1
217	1
216	1
215	1
214	1
211	2
210	5
209	1
208	5
206	1
205	2
204	1
203	4
202	3
201	2
