132
400
277	2
276	1
273	2
271	2
270	1
267	1
266	1
264	4
263	1
262	1
261	1
258	1
257	2
256	3
254	2
253	1
251	1
250	1
249	1
247	1
245	2
242	1
241	1
240	1
239	1
238	1
237	1
236	1
234	2
233	3
231	1
230	3
227	1
226	1
225	1
224	2
223	2
220	1
217	1
216	1
215	3
209	1
207	1
206	3
204	2
203	3
202	2
201	2
198	5
197	1
196	1
190	2
188	1
187	1
184	2
183	1
182	2
181	1
180	1
179	3
177	1
176	1
175	2
172	3
171	1
170	2
169	1
168	2
167	1
165	1
164	2
162	1
161	1
157	1
155	1
153	2
151	2
148	2
146	4
142	2
140	1
138	1
136	1
132	3
127	2
126	1
124	1
123	1
122	1
120	1
119	2
117	3
116	1
112	2
109	1
104	1
103	1
102	1
100	1
97	1
95	2
93	2
91	1
90	2
89	1
87	3
85	1
84	1
83	1
81	1
80	1
75	2
74	1
73	2
71	3
68	1
67	1
65	1
64	1
62	1
61	1
60	1
59	1
57	2
54	2
53	1
52	1
51	2
50	1
49	1
44	1
40	1
