163
750
523	1
522	1
516	1
513	1
509	1
507	1
506	1
505	2
503	1
501	1
494	2
493	1
492	1
491	1
490	1
486	1
485	1
479	1
464	1
463	1
462	1
460	1
457	1
456	1
450	1
449	1
447	1
446	1
442	1
439	1
434	2
430	1
427	1
423	1
422	2
421	1
418	1
416	1
415	1
414	1
413	1
408	1
407	1
403	1
402	2
401	1
399	2
396	2
394	1
389	2
387	1
386	1
383	1
381	2
379	1
378	1
375	2
371	1
370	2
369	1
366	1
365	1
363	1
361	3
360	1
356	1
353	1
352	1
349	1
343	1
341	1
336	1
334	1
329	1
323	1
321	2
320	1
319	1
318	2
317	1
313	1
308	1
307	1
302	1
300	1
297	1
290	1
285	1
284	1
280	2
279	1
277	1
273	1
272	1
270	1
265	1
262	1
259	2
258	1
257	1
248	2
247	1
245	1
238	2
237	2
235	1
234	2
232	1
225	2
223	1
220	1
213	4
210	1
207	1
203	1
201	1
199	2
198	1
196	1
195	1
194	1
192	1
190	2
182	2
178	2
175	1
173	1
171	1
162	2
156	2
154	2
147	1
145	1
143	1
141	1
140	1
136	2
132	1
131	1
122	1
120	1
117	1
115	1
114	1
112	1
109	1
107	1
103	1
101	1
100	1
97	2
96	2
92	2
91	1
90	1
89	1
87	1
86	1
85	2
82	1
81	1
76	1
75	1
