138
300
240	3
239	2
238	4
235	3
232	2
231	3
230	3
229	2
228	1
227	1
226	3
225	4
224	2
223	3
221	5
220	2
216	4
215	1
214	1
213	2
212	1
211	3
209	2
208	1
207	1
205	3
203	3
202	3
201	1
200	4
199	2
197	2
196	4
195	2
194	2
193	2
190	2
189	2
188	2
187	2
185	2
184	2
183	3
181	4
179	1
177	2
176	4
175	2
174	4
173	1
172	1
171	1
170	1
169	2
168	1
167	2
166	4
163	2
161	2
159	4
157	1
156	7
155	3
154	2
153	1
152	1
150	1
149	3
148	4
147	2
146	3
145	1
144	2
143	1
142	3
141	2
140	2
138	1
137	2
136	1
135	4
134	3
133	2
132	2
131	1
129	2
128	1
126	1
124	2
123	1
122	2
121	1
120	1
119	2
118	1
117	1
116	4
115	2
114	2
113	1
111	4
110	3
109	1
108	3
107	1
106	1
105	6
102	2
100	1
99	5
95	1
94	2
92	2
91	3
90	2
89	1
88	2
87	1
86	2
85	3
84	1
83	2
82	1
81	2
80	1
79	2
78	2
77	3
76	3
74	3
73	2
72	2
67	1
66	2
65	1
64	3
63	2
60	2
