215
400
320	1
319	2
317	2
316	1
315	1
313	1
312	1
311	1
310	2
309	1
308	1
303	2
301	3
300	1
299	2
298	3
296	1
295	4
294	4
293	1
291	1
290	1
289	1
288	3
287	2
286	1
285	1
284	2
283	2
282	1
281	2
280	2
279	3
277	1
276	1
275	3
274	1
273	1
272	4
271	1
268	1
267	2
266	3
264	2
263	1
262	1
261	1
260	3
259	2
258	2
257	2
256	2
255	3
253	2
252	2
251	5
250	1
249	1
248	2
247	1
246	1
245	3
244	1
243	1
242	1
241	2
240	2
237	1
236	1
235	2
234	1
233	3
232	3
231	3
227	3
226	3
225	1
223	1
222	2
221	1
219	3
218	2
217	3
216	1
214	1
211	2
210	1
209	4
208	2
207	1
205	1
202	2
201	1
200	5
199	1
198	3
197	1
196	1
195	2
194	4
193	2
191	2
190	2
189	1
187	1
186	2
185	2
184	1
183	2
180	2
179	2
178	3
177	1
176	2
175	3
174	1
171	2
168	1
167	1
166	3
164	2
163	1
162	2
161	2
160	2
159	2
158	2
157	1
156	1
155	1
154	3
153	4
152	1
151	1
150	2
149	1
148	2
147	2
145	2
144	4
143	1
140	2
139	1
137	1
136	3
135	2
134	4
133	1
130	2
128	2
125	1
122	3
121	3
120	1
117	2
115	2
114	5
113	2
112	2
111	1
110	1
109	1
108	1
107	1
105	1
104	3
103	2
102	1
99	3
98	4
95	2
94	2
92	3
91	1
90	2
89	4
88	1
87	3
86	1
85	1
84	1
83	1
82	2
81	1
80	2
79	1
78	2
77	4
75	3
74	3
73	1
71	2
70	1
67	4
66	1
65	2
64	4
63	1
62	2
61	2
60	2
59	1
56	1
55	2
54	2
53	1
51	1
50	1
49	1
48	4
47	2
46	1
45	1
42	1
40	1
