106
150
120	9
119	12
118	12
117	11
116	9
115	11
114	10
113	11
112	4
111	6
110	8
109	6
108	11
107	10
106	8
105	8
104	12
103	4
102	8
101	10
100	15
99	10
98	7
97	7
96	7
95	8
94	11
93	10
92	13
91	11
90	9
89	11
88	8
87	7
86	11
85	13
84	10
83	12
82	9
81	11
80	6
79	9
78	6
77	6
76	12
75	4
74	15
73	10
72	13
71	12
70	12
69	8
68	14
67	8
66	5
65	12
64	13
63	8
62	9
61	6
60	13
59	8
58	7
57	16
56	10
55	12
54	9
53	10
52	11
51	8
50	11
49	7
48	11
47	14
46	7
45	8
44	16
43	11
42	9
41	7
40	9
39	9
38	10
37	5
36	10
35	10
34	7
33	9
32	14
31	8
30	8
29	7
28	9
27	14
26	12
25	5
24	10
23	7
22	7
21	6
20	13
19	4
18	7
17	8
16	8
15	11
