399
750
599	2
598	2
597	2
596	4
595	4
594	1
593	2
587	1
586	1
585	2
583	1
582	3
580	1
579	3
578	2
576	3
574	1
573	1
572	1
571	2
570	2
569	1
568	1
567	1
566	1
565	1
563	1
562	3
561	2
560	1
559	2
558	1
557	1
556	2
555	1
553	2
552	2
551	2
550	5
549	1
547	1
546	2
545	2
544	1
543	2
542	1
541	1
540	5
538	2
537	3
536	2
535	1
532	1
530	1
529	3
528	1
527	1
524	2
523	1
520	1
519	1
518	1
517	1
516	2
514	1
512	3
511	2
510	2
508	3
507	2
506	3
504	2
503	2
502	1
501	1
500	1
499	1
498	6
497	1
494	2
493	1
491	1
489	2
488	3
487	1
485	3
484	1
483	2
481	1
480	1
479	4
477	1
476	2
475	2
474	1
473	1
472	1
471	2
468	5
467	2
465	1
464	1
463	2
462	2
461	1
460	1
459	1
458	1
457	4
456	2
455	1
454	3
452	1
451	4
450	1
449	1
448	2
447	1
446	3
445	3
444	5
443	1
441	1
440	1
439	1
438	3
436	3
435	2
434	1
433	1
432	4
431	3
430	3
429	3
426	3
425	1
424	1
422	1
421	2
417	3
416	3
414	1
413	1
411	2
410	1
409	1
407	4
406	1
404	1
402	2
401	2
400	2
397	1
396	3
395	1
394	3
393	3
392	2
391	1
390	2
389	4
388	4
387	2
386	1
385	1
383	3
382	1
381	1
380	7
378	1
377	3
373	2
372	2
371	1
370	1
369	1
368	2
366	1
365	2
364	3
363	3
362	1
361	4
360	2
359	3
358	1
355	3
354	3
353	3
352	1
350	4
347	2
346	1
345	1
344	3
343	1
342	1
341	3
340	1
339	3
338	3
337	1
335	2
334	2
333	2
331	3
330	1
328	1
326	1
325	1
324	2
323	1
321	1
320	2
319	2
318	1
317	1
316	1
315	3
313	2
312	3
310	1
309	2
307	1
305	2
304	2
303	3
302	1
301	2
299	2
298	1
297	5
296	1
295	4
294	2
293	1
292	1
289	2
288	2
287	1
286	4
285	1
283	2
282	4
281	2
280	1
279	1
278	2
277	2
276	1
275	2
274	2
273	2
272	1
270	1
268	4
267	1
266	1
265	2
264	1
262	1
261	2
259	2
257	3
256	2
255	1
254	2
253	2
252	1
250	1
249	2
248	1
247	1
246	1
244	3
242	1
241	2
240	1
239	1
238	3
236	2
235	2
234	2
233	2
232	1
231	1
230	2
229	1
228	2
227	2
226	2
225	2
224	1
223	2
219	2
218	2
214	2
213	1
211	1
210	1
209	2
208	2
206	3
204	1
203	1
201	2
199	2
198	3
197	2
196	1
195	4
194	1
193	4
192	5
190	2
189	3
188	4
187	3
185	2
184	3
183	1
182	1
180	1
178	1
176	1
175	1
174	2
173	1
171	2
170	1
169	1
168	4
167	1
165	3
164	2
162	1
161	2
159	2
158	1
157	1
156	2
155	2
154	3
153	1
152	1
150	1
149	1
148	4
147	1
146	2
145	3
144	1
143	1
142	1
140	2
138	1
137	1
136	2
135	4
134	3
132	3
131	2
129	2
126	2
125	2
124	1
123	3
121	1
120	3
117	2
116	2
115	1
114	1
113	4
112	1
111	2
109	3
108	2
107	2
105	1
103	2
101	3
100	1
99	1
98	1
97	3
94	2
92	1
91	1
89	1
88	3
86	1
85	1
83	1
82	3
81	1
80	3
79	2
78	3
