266
750
600	1
599	2
598	2
597	2
593	3
592	1
591	2
589	1
587	4
585	3
584	1
583	1
580	1
579	2
577	1
573	1
572	1
570	1
569	2
568	1
567	2
566	1
565	2
564	1
563	2
559	1
558	4
557	1
556	3
555	2
554	2
552	2
551	1
550	1
549	1
548	1
547	1
544	1
543	2
541	1
538	2
536	1
533	3
531	2
530	1
529	1
528	2
525	2
524	1
519	1
518	2
515	4
514	2
513	1
511	1
509	1
507	3
506	1
504	1
501	1
500	1
498	2
497	1
496	1
490	1
489	1
487	3
485	1
484	1
483	1
482	2
481	1
480	1
479	1
477	1
476	1
475	1
470	2
464	1
463	2
461	1
459	2
458	1
457	2
454	1
452	3
451	2
450	1
448	2
444	1
443	1
442	1
440	1
439	1
437	3
436	2
435	1
432	2
430	1
427	1
420	2
419	1
418	1
417	1
416	2
415	1
414	1
413	2
410	1
409	2
408	1
407	1
406	3
405	2
404	1
400	1
399	1
398	1
395	1
394	1
393	2
391	2
386	1
382	4
379	1
377	2
376	1
374	2
373	1
372	2
368	1
366	1
364	2
362	1
361	1
360	2
359	1
355	2
352	2
351	2
350	1
347	1
345	3
344	1
343	3
342	1
341	1
338	1
337	1
335	1
334	1
333	2
332	1
331	1
330	1
329	1
328	1
327	2
324	1
323	1
322	1
321	2
319	1
318	2
317	2
316	2
315	1
314	1
313	1
311	2
310	1
309	1
306	1
302	2
300	1
296	1
295	2
293	4
292	1
289	1
288	1
287	1
286	4
282	2
281	1
280	2
278	1
277	1
276	5
275	1
273	1
272	1
267	1
266	1
265	1
264	1
262	4
261	1
258	1
255	2
254	1
253	2
252	2
251	1
248	1
247	1
244	2
243	2
242	1
238	2
237	1
236	1
231	1
230	1
229	3
228	1
226	2
224	1
223	1
222	1
220	1
218	1
217	3
216	1
215	2
214	1
212	1
211	3
210	1
209	1
208	1
207	1
205	1
204	1
201	1
200	1
199	2
195	1
194	2
193	1
192	1
191	3
189	1
188	1
186	3
184	1
183	2
182	1
181	2
180	2
179	1
178	2
174	2
171	1
169	1
168	2
167	1
166	1
164	2
161	2
160	1
159	2
157	2
153	3
151	1
150	1
