121
200
140	3
139	3
138	6
137	2
136	1
135	3
134	2
133	2
132	6
131	3
130	4
129	5
128	2
127	6
126	2
125	2
124	6
123	7
122	7
121	4
120	4
119	4
118	4
117	6
116	3
115	5
114	7
113	4
112	6
111	5
110	5
109	2
108	7
107	2
106	2
105	3
104	3
103	2
102	3
101	2
100	7
99	6
98	3
97	4
96	3
95	4
94	3
93	4
92	3
91	4
90	3
89	6
88	2
87	4
86	2
85	7
84	4
83	7
82	3
81	2
80	4
79	4
78	3
77	4
76	6
75	3
74	1
73	5
72	5
71	3
70	4
69	3
68	7
67	9
66	3
65	7
64	4
63	5
62	2
61	4
60	2
59	6
58	5
57	5
56	3
55	2
54	7
53	3
52	6
51	6
50	3
49	6
48	6
47	2
46	3
45	3
44	5
43	5
42	2
41	4
40	7
39	3
38	3
37	2
36	6
35	6
34	4
33	5
32	6
31	7
30	1
29	4
28	5
27	4
26	5
25	8
24	3
23	2
22	3
21	5
20	5
