269
500
400	3
399	2
395	2
392	1
391	2
389	2
388	1
387	2
386	1
385	1
384	3
383	2
382	1
381	3
379	2
376	3
375	1
374	2
373	2
372	1
370	4
369	2
368	1
367	2
366	1
365	1
363	2
362	1
361	1
359	2
358	2
357	2
356	2
355	1
353	1
352	2
350	2
349	1
348	1
347	1
346	3
345	3
344	2
343	1
342	1
340	1
339	3
337	3
335	3
333	1
331	2
330	1
329	1
327	1
326	1
324	3
323	3
321	1
320	2
319	4
318	3
317	1
315	2
313	2
312	1
311	1
310	2
309	1
308	1
307	1
306	4
304	1
303	1
302	1
301	3
297	1
296	1
294	2
291	4
290	2
289	1
288	3
287	2
286	1
285	2
284	4
283	4
282	2
281	2
280	1
279	1
277	1
276	1
274	2
273	3
272	1
271	2
270	1
269	2
268	2
266	1
265	1
264	1
263	1
262	1
258	1
257	1
256	1
255	1
254	1
253	5
252	2
248	3
246	2
245	3
242	1
240	1
238	1
237	1
236	1
235	1
234	1
233	5
232	2
231	1
230	1
229	1
227	1
225	2
223	1
222	4
221	3
220	1
219	1
218	1
217	1
215	3
214	3
213	1
211	2
210	2
209	3
208	5
207	1
206	2
204	1
203	2
202	1
201	2
200	2
199	2
198	2
197	4
195	1
193	2
192	1
191	2
190	3
189	1
188	2
187	4
186	3
185	1
184	1
183	2
181	1
178	1
177	3
175	1
174	1
173	1
171	1
170	4
169	4
168	3
167	1
166	3
165	1
164	2
163	2
161	3
160	1
159	1
158	5
157	2
156	3
155	3
154	1
153	2
152	1
150	1
149	3
148	2
147	1
146	3
144	1
143	2
142	2
141	1
140	2
139	2
138	3
137	1
136	2
135	1
134	2
133	2
132	2
131	1
130	2
128	2
127	4
126	1
124	1
123	1
122	1
121	1
120	1
119	3
118	3
116	1
115	1
113	1
112	2
110	1
109	2
108	1
107	2
106	1
105	3
104	1
103	3
101	4
100	2
99	1
98	2
97	3
96	2
95	2
94	1
92	3
90	2
89	4
88	1
87	2
86	1
85	2
84	3
83	2
82	2
81	2
80	2
79	1
77	1
75	1
73	4
72	2
66	2
65	2
64	2
63	1
62	1
61	1
55	1
54	3
53	1
52	5
51	1
50	4
