442
750
600	1
599	5
598	4
597	1
596	1
595	1
593	5
592	2
591	2
590	4
588	4
587	3
586	3
585	2
584	3
583	1
582	3
581	1
580	3
579	2
578	2
577	1
576	5
575	1
574	3
572	4
571	1
570	4
569	1
568	1
567	3
563	1
562	2
561	2
560	1
559	2
557	1
556	5
555	3
554	4
553	3
552	2
551	1
550	2
549	2
548	3
547	1
546	1
545	3
543	2
541	2
540	2
539	2
538	1
537	2
536	1
535	3
534	2
532	4
531	5
530	2
529	3
528	2
527	2
525	2
524	4
523	2
521	2
520	2
519	3
518	3
517	2
516	2
515	3
514	1
513	2
511	3
510	1
509	2
508	3
507	3
506	3
505	2
504	2
503	1
502	4
501	2
500	2
498	3
497	7
496	1
495	1
493	2
490	3
489	3
487	1
486	2
485	4
484	2
483	3
482	1
481	4
480	5
479	2
478	3
477	2
476	2
475	2
474	1
473	2
472	2
471	3
470	4
469	1
468	1
467	5
466	4
464	1
463	1
461	5
460	3
459	1
458	5
457	5
456	1
455	1
454	2
453	4
452	1
451	2
450	3
449	3
448	1
445	1
444	1
443	3
442	1
441	2
440	1
438	2
437	2
436	1
435	4
434	3
433	1
432	2
431	2
430	2
429	1
427	1
425	3
424	1
422	2
421	4
420	6
419	3
418	2
417	2
416	1
414	3
413	5
411	2
410	2
409	2
407	2
406	2
404	2
402	1
401	6
399	1
398	2
397	2
396	2
395	3
394	2
393	1
392	3
391	5
390	3
389	2
388	3
387	2
385	3
384	2
383	1
382	5
381	3
380	3
379	2
377	1
376	1
375	2
374	1
373	2
372	2
371	1
370	1
369	3
368	1
367	2
366	2
365	4
364	1
363	4
362	6
361	1
360	3
358	1
357	1
355	2
354	1
353	2
349	1
347	3
345	1
344	2
343	1
342	3
341	4
340	4
339	1
337	4
336	3
335	1
334	2
333	3
332	3
331	3
330	2
329	4
326	3
325	1
323	2
322	1
320	2
319	1
318	2
317	2
316	2
315	2
314	2
313	2
311	2
310	2
309	2
308	1
306	2
305	2
304	4
303	2
302	2
301	2
300	3
299	1
298	2
297	3
296	1
295	2
294	3
293	3
291	2
289	1
288	5
287	5
286	4
285	2
284	1
283	5
282	2
281	3
280	1
279	2
278	2
277	2
276	2
275	1
274	3
271	2
270	1
269	3
268	3
267	3
266	1
265	2
264	1
263	2
262	2
261	1
260	2
259	3
258	2
257	1
256	2
255	1
254	1
253	3
252	3
251	1
250	3
249	1
248	1
246	5
245	1
244	2
243	1
241	1
239	1
238	2
237	1
235	3
234	3
232	2
231	3
230	1
228	2
227	1
226	1
225	2
222	4
221	3
220	5
219	1
218	2
217	2
216	5
215	4
214	1
213	4
212	1
211	1
210	4
209	1
208	1
207	1
206	2
205	3
204	5
203	1
202	3
201	2
200	2
199	2
198	1
196	5
195	2
192	4
190	4
189	2
187	2
186	1
185	5
184	5
183	3
182	2
181	1
180	3
179	3
177	1
176	2
174	1
173	1
172	3
170	3
169	3
168	2
167	2
166	5
165	2
162	1
161	5
160	1
159	5
158	1
157	1
155	1
154	1
153	2
152	1
151	3
150	3
149	2
148	1
147	1
146	2
145	1
144	3
143	3
142	2
141	2
140	6
139	1
138	2
137	3
136	1
135	3
133	2
132	1
131	1
130	2
129	4
126	1
125	3
124	2
122	2
121	1
120	1
119	3
117	1
116	1
115	1
114	2
113	2
112	1
111	2
110	1
109	4
108	1
107	2
106	4
105	3
104	3
103	1
101	2
100	3
99	1
97	2
96	3
95	2
93	1
92	1
91	2
90	1
89	1
86	1
85	3
84	2
82	2
80	3
79	1
78	2
77	4
76	1
