164
750
600	2
599	1
592	1
587	1
584	2
583	1
582	1
581	2
578	1
577	1
575	1
573	2
567	2
566	1
565	1
563	1
554	1
550	2
549	1
548	2
545	1
536	1
521	1
519	1
518	1
512	2
511	2
510	1
507	1
493	2
482	2
481	4
480	1
478	2
473	1
469	1
468	1
458	1
456	1
453	1
448	1
447	2
441	3
434	1
432	1
431	1
425	1
424	1
414	1
411	1
410	2
409	1
402	2
401	2
399	1
398	1
397	2
390	1
383	2
382	1
380	1
376	2
372	2
369	1
362	1
357	2
356	1
355	1
350	1
347	1
342	1
341	1
339	1
336	1
332	1
327	1
324	1
322	1
320	1
318	1
317	1
316	2
314	1
313	1
311	1
305	1
295	1
294	1
293	1
288	1
287	1
286	1
281	1
280	1
275	1
270	1
269	1
268	1
265	1
263	1
259	1
256	1
250	1
240	1
239	1
237	1
236	1
231	1
229	1
227	1
226	1
223	1
221	1
218	1
216	2
215	1
212	1
211	1
205	1
203	1
200	2
199	1
197	1
195	1
187	1
185	1
180	1
177	1
175	1
168	1
166	1
164	1
160	1
153	1
152	1
144	1
143	1
141	3
139	1
136	1
135	1
133	2
132	1
131	1
127	1
120	1
119	1
115	2
111	1
110	1
108	1
107	1
98	2
96	1
94	1
93	1
91	2
90	1
87	1
85	1
81	1
80	1
78	2
76	1
