115
200
160	1
159	3
158	1
157	3
156	3
155	2
154	4
153	2
152	4
151	2
150	2
149	2
148	2
147	2
146	2
145	2
144	4
143	2
142	5
141	3
140	4
138	2
137	3
136	2
135	1
134	1
133	3
132	1
131	3
130	1
129	1
127	2
126	5
125	1
124	1
123	2
122	2
121	4
120	1
119	2
118	1
117	1
116	1
115	1
114	3
113	5
112	3
111	1
110	3
109	4
108	2
106	5
105	3
104	5
103	5
102	1
101	2
100	3
99	4
98	2
97	3
96	3
95	1
94	2
93	5
92	1
91	5
90	4
89	1
88	2
87	4
86	1
85	4
84	1
82	2
81	2
80	1
79	2
78	3
77	4
76	3
75	2
74	3
73	4
72	4
71	5
70	1
69	1
68	3
67	3
66	1
65	7
64	5
61	3
60	2
59	3
58	4
57	2
56	1
55	4
54	2
53	2
52	1
51	5
50	3
49	4
48	2
47	4
46	3
45	2
44	2
43	2
42	2
41	3
40	3
