246
500
350	4
349	4
348	2
347	4
346	2
345	3
344	1
343	2
342	5
341	5
340	4
339	5
338	3
337	6
336	4
335	8
334	1
333	2
332	3
331	3
330	4
329	4
328	3
327	4
326	5
325	6
324	4
323	4
322	4
321	2
320	4
319	5
318	5
317	6
316	4
315	3
314	3
313	7
312	6
311	1
310	3
309	4
308	2
307	5
306	1
305	3
304	6
303	4
302	2
301	3
300	2
299	4
298	2
297	6
296	5
295	2
294	5
293	3
292	3
291	6
290	4
289	6
288	2
287	3
286	3
284	7
283	2
282	11
281	1
280	4
279	7
278	6
277	7
276	5
275	3
274	8
273	5
272	3
271	3
270	3
269	1
268	4
267	3
266	7
265	4
264	6
263	2
262	7
261	4
260	3
259	8
258	6
257	6
256	6
255	3
253	3
252	4
251	6
250	6
249	3
248	5
246	4
245	3
244	2
243	8
242	8
241	4
240	1
239	5
238	2
237	3
236	1
235	3
234	3
233	1
232	9
231	5
230	7
229	4
228	2
227	3
226	1
225	2
224	7
223	3
222	2
221	6
220	4
219	3
218	10
217	2
216	3
215	3
214	3
213	2
212	1
211	2
210	3
209	4
208	7
207	4
206	3
205	4
204	2
203	3
202	7
201	6
200	2
199	7
198	1
197	4
196	5
195	6
194	6
192	3
191	5
190	3
189	4
188	1
187	3
186	2
185	3
184	3
183	5
182	8
181	5
180	5
179	8
178	2
177	2
176	5
175	3
174	6
173	6
172	3
171	3
170	4
169	5
168	9
167	3
166	2
165	5
164	1
163	5
162	4
161	1
160	7
159	2
158	4
157	1
156	7
155	2
154	2
153	5
152	3
151	4
150	6
149	6
148	8
147	1
146	2
145	2
144	5
143	2
142	3
141	4
140	8
139	5
138	4
137	4
136	5
135	4
134	5
133	3
132	11
131	5
130	5
129	3
128	3
127	4
126	3
125	1
124	4
123	3
122	2
121	10
120	3
119	4
118	8
117	5
116	5
115	4
114	4
113	5
111	2
110	5
109	2
108	3
107	6
106	3
105	3
104	1
103	7
102	6
101	5
100	2
