180
300
210	6
209	6
208	8
207	5
206	11
205	4
204	8
203	2
202	8
201	5
200	5
199	5
198	7
197	7
196	6
195	9
194	8
193	5
192	9
191	8
190	4
189	2
188	3
187	7
186	9
185	4
184	7
183	8
182	8
181	5
180	7
179	1
178	6
177	6
176	5
175	2
174	6
173	2
172	1
171	10
170	6
169	6
168	5
167	5
166	5
165	4
164	2
163	6
162	6
161	4
160	5
159	5
158	5
157	6
156	4
155	7
154	7
153	2
152	2
151	5
150	6
149	4
148	9
147	5
146	8
145	8
144	9
143	4
142	4
141	8
140	9
139	4
138	8
137	7
136	4
135	7
134	3
133	2
132	7
131	13
130	3
129	6
128	6
127	3
126	3
125	5
123	6
122	5
121	7
120	8
119	4
118	12
117	5
116	3
115	6
114	4
113	4
112	6
111	5
110	4
109	6
108	3
107	6
106	3
105	5
104	9
103	3
102	5
101	8
100	7
99	1
98	1
97	4
96	6
95	6
94	7
93	7
92	7
91	4
90	7
89	8
88	7
87	5
86	6
85	8
84	6
83	9
82	4
81	6
80	6
79	6
78	2
77	4
76	4
75	2
74	14
73	3
72	2
71	8
70	5
69	7
68	5
67	3
66	4
65	2
64	9
63	7
62	8
61	6
60	5
59	6
58	8
57	5
56	11
55	2
54	4
53	1
52	6
51	3
50	1
49	4
48	3
47	7
46	7
45	11
44	6
43	5
42	3
41	7
40	4
39	6
38	7
37	2
36	4
35	4
34	12
33	6
32	5
31	2
30	6
