131
200
160	6
159	4
158	5
157	2
155	3
154	1
153	2
152	5
151	4
150	2
149	4
148	2
146	4
145	1
144	2
143	3
142	1
141	4
139	2
138	2
137	3
136	1
135	1
134	2
133	3
132	4
131	4
130	1
129	2
128	2
127	5
126	2
125	4
124	1
123	4
122	2
121	4
120	2
119	3
118	3
117	5
116	3
115	3
114	2
113	4
112	2
110	3
109	5
108	2
107	5
106	3
105	1
104	6
103	4
102	2
101	1
100	5
99	5
98	4
97	2
96	3
94	4
93	3
92	4
91	4
90	2
87	4
86	2
84	7
83	1
82	5
81	5
80	1
79	2
78	5
77	3
76	2
75	5
74	2
72	3
71	1
70	1
69	6
68	4
67	1
66	2
65	4
64	5
63	3
62	4
61	8
60	2
59	4
58	4
57	2
56	1
55	3
54	2
53	6
52	2
51	3
50	5
49	1
48	4
47	3
45	2
44	2
43	1
42	3
41	2
40	4
39	5
38	3
37	4
36	4
35	5
34	3
33	3
32	2
31	2
30	3
29	4
28	2
27	1
26	2
25	3
24	2
23	4
22	2
21	2
20	3
