430
1000
700	2
699	1
698	1
697	1
696	2
695	2
694	3
693	2
692	2
691	1
690	1
689	2
688	1
687	4
686	1
685	3
684	1
683	2
682	3
681	1
680	2
679	2
678	4
677	2
675	1
673	1
672	2
671	1
670	2
669	1
668	4
666	3
665	2
664	1
663	4
662	4
661	3
660	3
659	3
658	5
657	1
656	3
654	4
653	2
651	1
650	2
648	1
647	4
646	2
645	1
644	4
643	3
642	1
641	1
640	2
639	2
638	4
637	3
635	1
634	4
633	4
632	3
631	4
630	3
629	3
628	1
627	4
626	1
625	1
624	1
623	1
621	3
620	2
618	1
617	2
616	3
614	4
613	2
612	2
611	4
610	1
608	2
607	5
606	4
605	1
604	2
603	1
602	2
600	3
599	3
598	3
597	4
594	2
593	3
591	6
589	3
588	1
587	1
585	4
584	3
583	1
581	1
579	1
578	1
576	1
575	4
572	3
571	2
570	3
569	2
568	1
567	1
566	2
565	2
564	1
563	4
562	1
560	2
559	4
558	1
557	2
556	1
555	1
554	2
553	1
552	5
551	6
550	3
549	2
548	1
547	1
546	5
545	2
544	2
543	2
542	1
541	1
540	3
538	4
537	1
536	1
535	2
534	3
532	4
531	3
530	3
529	1
528	1
526	3
525	1
522	3
521	4
520	1
519	3
518	4
517	3
516	2
515	1
514	2
513	3
512	3
511	5
510	1
509	2
508	2
507	3
506	2
504	1
503	2
501	2
500	2
499	3
497	3
496	2
495	3
494	5
493	1
492	3
490	2
487	2
486	1
485	1
484	2
483	3
482	1
481	3
480	3
478	3
477	2
476	2
475	3
474	2
473	1
472	3
471	3
470	3
469	3
468	2
467	4
466	5
463	1
462	2
461	2
460	1
458	2
457	3
456	5
455	1
454	3
453	2
452	2
451	3
450	1
449	1
448	1
447	3
446	2
445	1
444	2
443	3
442	1
441	3
440	4
439	3
438	2
437	3
436	3
435	4
434	3
433	1
432	3
430	4
429	2
428	3
427	1
426	1
424	1
423	2
422	4
421	2
420	2
419	1
418	2
417	4
416	2
415	3
414	2
413	1
412	4
411	1
410	3
409	1
408	4
407	2
406	1
404	2
402	3
401	2
399	5
398	4
397	1
394	2
393	1
392	1
391	2
390	5
388	3
387	1
386	2
385	2
384	7
383	3
382	1
381	1
380	1
379	1
378	1
377	3
374	1
373	2
372	1
371	5
370	2
368	2
367	1
366	2
365	3
364	2
363	3
362	1
361	3
360	5
359	2
358	2
357	5
356	2
355	2
354	1
353	3
352	2
351	2
350	1
349	2
348	1
346	1
345	2
344	1
343	4
342	4
341	2
340	2
338	3
337	1
336	2
334	3
333	1
332	3
331	2
330	1
329	4
328	5
327	3
326	2
325	2
324	4
323	3
322	3
320	1
319	1
318	2
317	3
316	1
314	1
313	2
312	3
311	4
309	1
308	1
307	3
305	1
304	2
303	2
301	2
300	2
299	5
298	2
297	1
296	1
295	4
294	1
293	1
292	2
291	2
290	4
288	4
287	1
286	3
285	2
283	2
281	1
280	3
279	3
278	1
277	2
276	2
275	2
273	1
271	3
270	1
268	1
267	4
266	4
265	3
264	2
263	3
262	2
261	2
260	1
259	2
258	5
257	2
256	2
255	2
254	4
252	2
251	3
248	2
247	2
246	3
244	3
243	2
242	2
240	3
239	2
238	4
236	2
235	3
234	1
233	3
232	3
231	3
230	1
229	3
228	2
227	3
225	5
224	3
223	2
222	1
221	1
220	4
219	2
217	3
216	3
215	3
214	4
213	3
212	2
211	2
210	2
209	3
208	3
207	4
206	2
205	1
204	2
203	2
202	1
201	4
200	1
