266
400
320	2
319	4
318	3
316	7
315	5
314	5
312	4
311	1
310	2
309	4
308	6
307	1
306	1
305	5
304	3
303	3
302	4
301	2
300	2
299	3
298	4
297	3
296	8
295	1
294	7
293	5
292	2
291	4
290	2
289	2
288	5
287	4
286	3
285	2
284	4
283	1
282	2
281	4
280	4
279	1
278	3
277	5
276	2
274	3
273	4
272	5
271	3
270	4
268	2
267	5
266	3
265	2
264	3
263	3
261	1
260	1
259	1
258	1
257	2
256	6
255	2
254	1
253	2
252	6
251	3
250	3
249	5
248	3
247	3
246	4
245	4
244	3
242	4
241	1
240	2
239	2
238	4
237	1
236	5
235	1
234	4
233	3
231	1
230	3
229	1
228	2
227	2
226	5
225	2
223	5
222	2
221	1
220	1
219	1
218	2
217	1
216	2
215	2
214	1
213	5
212	4
211	3
210	1
209	2
208	2
207	1
206	2
205	4
204	2
203	4
202	2
201	2
200	3
199	1
198	1
197	2
196	3
195	1
194	1
193	5
192	5
191	3
190	1
189	2
187	5
186	1
185	3
184	3
183	3
182	1
181	2
180	3
179	2
178	1
176	2
175	5
174	4
173	2
172	4
171	1
170	4
169	2
168	5
167	2
166	2
165	2
164	2
163	2
162	6
161	9
160	2
159	2
158	1
157	4
156	3
155	3
154	1
153	3
152	4
151	3
150	5
149	5
148	1
147	2
146	1
145	3
144	2
143	1
142	6
141	3
140	4
139	1
138	2
137	1
136	2
135	3
134	3
133	3
132	1
131	3
130	2
129	3
128	3
127	1
126	3
125	1
124	3
123	3
122	4
121	3
120	3
119	2
118	6
117	1
116	3
115	1
114	2
113	3
112	2
111	5
109	4
107	6
106	1
105	3
104	3
103	7
102	3
101	4
100	2
99	4
98	6
97	1
96	1
95	2
94	2
93	2
92	2
91	3
90	5
89	2
88	3
87	2
86	1
85	1
84	2
83	5
82	1
81	3
80	2
79	2
78	1
77	2
76	1
75	7
74	1
73	2
72	5
71	2
70	4
69	3
68	4
67	3
66	4
65	3
63	5
62	1
61	3
60	4
59	1
58	3
57	3
55	5
54	2
53	1
51	1
50	1
49	4
48	1
47	3
46	5
45	2
44	3
43	1
42	3
41	3
40	2
