176
1000
700	1
698	1
694	1
691	1
680	1
676	1
674	1
670	1
669	1
667	1
666	1
665	1
663	1
661	1
658	1
655	1
653	1
648	1
646	1
645	1
642	1
640	1
631	2
619	1
618	1
617	1
616	1
612	1
608	1
603	1
599	1
596	1
595	1
593	2
590	1
589	2
588	1
586	1
583	1
581	2
578	1
577	2
576	1
563	1
559	1
551	1
548	1
547	1
545	1
539	1
538	1
530	1
528	1
520	1
516	1
515	1
507	1
504	1
496	1
483	1
482	1
479	1
476	1
474	1
469	1
463	1
455	1
448	1
446	1
444	1
443	1
440	1
434	1
433	1
431	1
428	1
425	1
423	1
422	1
418	1
416	1
412	1
411	1
410	1
409	2
408	2
404	2
403	2
395	1
391	1
385	1
383	1
382	1
375	1
374	1
373	1
369	1
368	1
365	1
362	1
361	1
360	1
353	1
351	1
349	1
348	1
345	1
344	1
339	1
338	1
335	1
330	2
329	1
327	1
325	1
322	1
321	1
320	1
316	1
314	1
313	1
307	1
305	1
300	1
295	1
294	1
290	1
289	1
284	1
282	1
280	1
275	2
267	1
262	2
258	1
243	3
242	1
238	2
235	1
233	1
228	1
224	1
218	1
210	1
209	1
206	1
203	1
200	1
199	1
192	1
188	1
187	2
185	1
178	1
173	1
172	2
164	2
163	1
158	1
157	2
156	1
155	1
152	1
148	2
145	1
141	1
137	2
134	2
131	1
129	1
125	2
121	2
120	1
119	1
105	1
102	1
