150
400
280	2
278	1
276	2
275	1
272	3
271	1
270	2
269	5
268	1
267	1
266	5
264	1
263	4
262	3
261	2
260	3
259	2
258	4
257	2
256	3
255	2
254	1
252	1
251	4
248	1
247	1
246	1
244	3
243	4
242	1
240	1
239	1
237	1
236	1
235	1
233	2
232	1
230	2
229	1
228	1
227	7
224	3
221	3
219	1
218	3
216	3
215	2
213	3
211	1
210	1
209	3
208	2
207	4
206	1
205	1
204	1
203	3
202	2
200	1
199	2
198	2
197	1
196	2
195	1
194	2
191	2
190	1
188	2
187	3
186	1
185	2
184	4
183	2
182	1
181	1
180	2
179	1
178	2
177	1
176	1
173	3
172	2
170	1
168	4
167	4
164	3
162	1
161	1
160	1
159	2
158	2
157	3
155	2
153	4
152	2
150	1
148	2
147	2
146	1
143	2
141	1
140	2
138	2
136	2
135	1
134	1
133	2
132	2
131	1
130	2
126	2
125	1
124	2
123	1
121	4
120	1
119	3
117	2
116	1
115	3
114	2
113	2
112	2
111	1
110	1
109	1
107	1
106	3
105	3
104	2
103	2
102	3
101	1
100	2
99	3
97	1
96	4
95	2
94	5
93	3
92	2
91	2
90	1
89	2
87	1
86	2
83	1
82	2
81	1
80	3
