277
500
400	2
399	4
398	3
397	2
395	5
394	5
393	2
392	1
391	2
390	4
389	2
388	2
387	2
386	3
385	1
384	3
383	5
382	2
381	1
380	5
378	4
376	4
375	3
374	3
373	3
372	3
371	2
370	2
369	5
368	3
367	6
366	1
365	3
364	1
363	3
362	3
361	1
360	2
359	1
358	2
356	1
355	3
354	1
353	1
352	3
351	3
350	2
349	2
347	1
346	1
345	4
344	3
343	1
341	1
340	2
339	3
338	3
337	3
336	2
335	1
334	6
333	1
332	2
331	5
329	5
328	1
327	3
326	4
325	3
324	3
323	2
322	2
320	3
319	3
318	1
317	6
316	2
315	2
314	3
313	3
312	3
311	2
309	3
308	2
307	4
305	3
304	1
303	3
302	1
300	1
299	1
298	2
297	2
296	2
295	2
294	2
293	3
292	4
291	2
290	3
289	5
288	1
287	1
286	2
285	3
284	2
283	2
282	2
281	4
280	4
279	2
278	3
277	4
276	2
275	6
274	5
273	5
272	7
271	3
269	3
268	2
266	3
265	2
264	3
263	3
262	1
261	5
260	3
259	3
258	1
257	4
256	2
255	3
254	3
253	4
251	2
250	1
248	1
247	1
246	2
245	4
244	8
243	3
242	1
240	2
239	2
238	2
237	1
236	1
235	5
234	3
233	2
232	4
231	7
230	1
229	2
228	3
227	1
226	4
225	2
224	4
223	4
222	2
221	5
220	2
219	4
218	2
217	1
216	2
215	5
214	3
213	3
212	1
211	1
209	5
208	3
207	1
206	4
205	4
204	2
203	2
202	4
201	1
200	2
199	1
198	1
197	4
196	3
195	2
193	3
192	4
191	3
190	1
189	4
188	1
187	3
186	2
185	2
184	1
183	5
182	2
181	5
180	4
178	3
177	3
176	3
175	4
174	1
173	1
172	1
171	3
170	1
168	1
167	2
166	3
165	8
164	2
163	1
162	1
161	5
160	1
159	3
158	6
157	2
156	3
155	3
154	3
153	6
151	4
150	2
149	3
148	3
147	4
146	5
145	3
144	2
143	1
142	4
140	2
139	5
138	2
137	3
136	2
135	2
134	2
133	5
132	1
131	5
130	3
129	1
128	2
127	2
126	6
125	1
124	4
123	3
122	1
121	6
120	3
119	2
118	2
117	1
116	3
115	3
113	2
112	2
111	3
110	2
109	3
108	1
107	2
106	3
105	2
104	4
103	1
102	1
100	2
