221
500
349	2
348	1
347	1
346	2
345	2
343	1
341	2
340	2
339	1
338	1
336	1
335	4
334	1
333	2
331	3
325	1
324	2
323	1
322	1
321	1
320	1
319	1
318	3
317	3
316	2
315	4
314	2
313	3
312	2
310	2
309	2
306	1
305	4
304	3
303	1
301	1
300	1
299	1
298	1
296	1
295	2
294	3
293	3
291	1
290	1
289	2
287	1
283	1
282	4
280	1
279	2
278	3
277	1
275	3
274	4
273	2
272	2
271	2
270	3
269	1
267	5
266	1
265	1
264	1
263	3
261	1
260	2
259	1
258	1
255	3
254	1
252	1
249	1
248	1
247	1
244	1
243	3
242	2
241	1
240	1
239	3
238	2
237	1
236	2
235	1
234	1
233	2
232	3
230	2
229	3
228	2
227	1
226	1
225	2
224	1
222	1
221	2
219	5
218	2
217	3
216	1
213	1
211	1
210	5
208	3
207	2
206	2
205	2
204	1
203	3
201	2
199	2
198	3
197	2
196	2
195	2
194	1
193	1
191	1
189	3
184	3
183	2
182	2
181	3
180	3
179	1
178	1
176	2
174	1
173	4
171	2
169	1
168	2
167	2
166	1
165	1
164	1
163	2
162	1
161	1
160	1
158	2
155	2
153	1
152	1
151	1
150	2
149	1
146	2
145	1
144	2
143	1
142	2
141	1
140	1
139	2
137	1
136	2
133	3
132	3
129	1
128	2
126	3
125	2
122	2
120	1
119	1
117	2
116	2
115	1
114	1
113	1
112	2
111	3
110	5
109	2
108	3
107	1
106	1
104	2
103	1
102	1
99	3
98	1
97	1
96	2
95	2
94	2
92	1
91	1
90	1
89	1
88	2
87	1
86	1
85	2
83	2
82	1
81	2
80	3
79	4
78	2
77	3
75	2
73	1
71	1
70	1
69	1
68	2
67	1
66	2
65	2
64	2
62	2
61	1
55	1
54	1
53	1
52	4
51	3
50	1
