120
200
160	3
159	7
158	3
157	5
156	6
155	5
154	2
153	5
152	2
150	5
149	5
148	4
147	8
146	5
145	6
144	3
143	3
142	3
141	7
140	10
139	10
138	8
137	3
136	4
135	8
134	5
133	9
132	2
131	8
130	3
129	8
128	3
127	8
126	5
125	8
124	13
123	7
122	3
121	8
120	4
119	6
118	4
117	7
116	9
115	4
114	3
113	4
112	4
111	9
110	5
109	6
108	8
107	9
106	5
105	4
104	4
103	9
102	4
101	7
100	4
99	8
98	10
97	6
96	9
95	5
94	9
93	8
92	4
91	6
90	3
89	7
88	9
87	6
86	7
85	4
84	13
83	5
82	2
81	10
80	9
79	8
78	6
77	6
76	11
75	6
74	7
73	9
72	3
71	4
70	4
69	4
68	7
67	7
66	15
65	6
64	8
63	7
62	7
61	8
60	11
59	5
58	11
57	8
56	5
55	4
54	7
53	10
52	6
51	5
50	4
49	8
48	4
47	3
46	7
45	9
44	11
43	5
42	5
41	8
40	2
