353
750
525	2
523	3
522	4
521	1
520	3
519	3
518	1
517	1
516	2
515	4
514	3
513	3
512	2
511	1
510	1
509	2
508	4
507	5
506	2
505	1
504	5
503	4
502	4
501	3
500	5
499	4
498	3
497	4
496	4
495	3
494	4
493	5
492	3
491	3
490	2
489	7
488	3
487	6
486	3
485	2
484	1
483	2
482	3
481	2
480	5
479	2
478	2
477	3
476	1
475	2
474	3
473	3
472	4
471	2
470	3
469	1
468	4
467	2
466	1
465	4
464	4
463	3
462	3
461	1
460	3
459	1
458	2
457	5
455	6
454	4
453	2
452	1
451	5
450	2
449	3
448	5
447	2
446	1
445	1
444	2
443	3
442	6
441	1
440	1
439	1
438	3
437	1
436	2
435	4
434	1
433	4
432	3
431	1
429	1
427	1
426	3
425	5
424	1
423	2
422	3
421	5
420	4
419	1
418	2
417	4
415	2
414	6
412	2
411	3
410	5
409	7
408	5
407	2
406	2
405	3
404	2
402	2
401	1
400	2
399	4
398	6
397	3
396	3
395	2
394	3
393	2
392	3
391	3
390	5
389	5
388	5
387	2
386	5
385	3
384	2
383	3
382	4
380	2
379	3
378	4
377	3
376	1
375	2
374	3
373	4
372	2
371	2
369	4
368	2
367	1
366	1
365	6
364	3
363	4
362	1
361	1
360	4
359	1
358	2
357	2
356	4
355	2
354	4
353	7
352	3
351	2
350	3
349	4
347	2
346	6
345	4
344	1
343	1
342	4
340	2
339	2
338	4
337	3
336	4
335	1
333	3
332	3
331	3
330	1
329	2
328	4
327	2
326	3
325	3
324	2
323	6
322	1
321	5
320	4
319	2
318	7
317	2
316	1
315	2
314	3
312	3
311	3
310	3
309	3
308	2
307	1
306	3
305	4
304	6
303	1
302	3
301	4
300	7
299	4
298	2
297	1
296	2
295	2
294	5
292	1
291	6
290	5
289	2
288	3
287	6
286	2
285	4
284	2
283	4
282	2
280	4
279	1
278	2
277	4
276	2
275	2
274	4
273	6
272	2
271	4
270	5
269	3
268	1
267	5
266	3
265	1
264	2
263	3
262	2
261	1
260	2
259	1
258	2
257	6
256	3
255	1
254	1
253	5
252	1
251	2
250	3
249	3
248	2
247	1
246	3
245	3
242	1
241	2
240	3
239	1
238	3
237	5
236	2
235	5
233	4
232	2
231	2
230	1
229	2
228	1
227	2
226	1
225	2
224	2
223	3
222	2
221	3
220	2
219	1
218	2
217	3
216	1
215	3
214	2
213	4
211	1
210	3
209	1
208	4
207	3
206	1
205	2
204	4
203	2
202	4
201	3
200	2
198	2
197	3
196	4
195	1
194	4
193	5
192	3
191	2
190	2
189	3
188	6
187	3
186	1
185	1
184	1
182	5
181	6
180	8
179	2
178	3
177	4
176	3
174	2
173	1
172	8
171	1
170	3
169	2
168	1
167	3
166	1
165	5
164	5
163	1
162	1
161	3
160	2
159	2
158	1
157	3
156	3
155	2
153	2
152	2
151	2
150	2
