135
400
280	1
279	2
278	3
276	1
275	2
274	1
273	3
272	1
268	3
265	2
264	1
262	1
261	1
256	2
255	1
253	1
248	3
247	3
245	1
244	1
243	1
242	2
240	4
239	2
238	2
237	1
235	1
234	3
230	1
229	1
227	1
226	3
223	1
222	2
220	1
216	1
214	1
213	2
211	4
210	1
209	1
207	2
200	1
199	1
198	1
196	1
195	1
194	1
192	2
191	1
190	2
189	1
187	1
186	2
185	2
184	1
183	1
180	1
177	2
175	1
174	1
172	4
171	1
170	2
169	2
167	3
161	2
158	1
156	1
155	1
153	1
152	1
150	1
149	3
148	2
142	2
139	2
138	1
136	1
135	1
133	1
132	1
131	2
130	2
129	1
127	1
121	2
120	1
119	2
118	1
117	2
116	1
112	1
111	1
110	1
109	2
108	1
106	1
104	2
101	1
99	1
97	3
96	2
95	1
91	1
89	1
84	1
83	2
79	1
78	1
77	2
76	1
73	1
71	1
69	1
68	1
67	1
66	1
64	2
62	2
60	1
58	1
57	2
55	2
54	1
53	1
51	1
50	1
48	1
47	1
46	1
45	1
44	1
43	2
42	1
