219
400
320	2
318	2
315	2
314	2
313	2
312	2
310	1
309	3
308	2
307	2
306	4
305	4
304	1
303	1
302	4
301	3
300	1
299	2
297	3
296	7
295	1
294	4
293	4
292	1
291	2
290	3
289	2
287	3
286	3
284	1
283	2
282	1
275	1
274	1
273	3
272	1
271	1
269	1
268	3
267	2
265	2
264	3
263	3
262	3
261	2
260	4
259	2
258	1
257	3
256	2
255	2
254	2
249	2
247	2
246	2
245	2
244	3
243	3
242	5
241	2
239	5
238	1
237	1
236	2
235	3
234	1
233	3
231	2
230	2
228	3
227	1
226	2
225	1
223	1
222	2
221	2
220	1
219	1
218	1
217	3
216	2
214	4
213	1
212	4
211	4
210	3
209	1
208	4
206	3
205	1
204	3
203	2
201	5
200	2
199	2
198	3
196	3
195	1
194	1
193	1
191	3
190	1
189	2
188	2
186	4
185	1
183	2
182	4
181	3
180	3
179	1
178	1
177	2
176	2
175	1
173	1
172	2
171	2
170	5
169	5
167	2
166	1
165	5
163	3
162	1
160	2
157	1
155	3
153	1
152	3
149	1
147	1
145	1
144	2
141	4
140	1
138	1
137	2
136	1
135	3
134	2
133	3
132	2
130	4
129	2
128	4
127	2
126	1
125	1
124	3
123	3
122	2
121	2
120	4
119	3
117	1
116	1
115	3
114	1
113	2
112	2
111	1
110	1
109	3
108	2
107	6
106	1
105	2
104	1
103	2
101	2
99	1
98	3
97	1
96	1
95	1
94	6
92	2
91	5
90	1
89	2
87	1
85	1
83	3
81	2
80	4
79	1
78	1
77	5
76	1
75	2
74	4
72	2
71	3
70	1
69	4
68	3
67	2
66	4
64	1
62	2
61	1
60	6
59	4
58	2
57	1
56	2
55	1
54	3
53	3
51	2
50	2
49	2
47	1
46	6
44	1
43	2
41	4
40	4
