336
750
525	3
524	3
523	1
522	3
521	1
520	2
519	2
518	4
517	2
516	3
515	5
514	2
513	3
511	1
510	3
509	2
507	2
505	1
503	3
502	2
501	3
500	1
499	2
498	1
497	4
496	1
495	4
494	5
493	1
492	1
491	2
489	3
488	3
487	1
486	1
485	2
484	1
483	2
481	2
480	2
477	3
476	1
475	2
474	1
473	2
472	5
471	3
470	3
469	1
468	4
466	3
465	3
464	4
463	5
462	1
461	1
460	2
459	3
458	3
457	3
455	4
454	2
453	1
452	1
451	1
449	1
448	2
447	1
445	2
444	3
443	4
442	3
441	1
440	3
439	1
438	4
437	2
436	4
435	1
434	3
433	3
432	1
431	1
430	1
429	2
428	2
427	2
426	2
425	2
424	6
423	1
422	1
421	1
420	1
419	5
418	2
417	3
416	1
415	1
414	1
413	2
412	1
411	1
410	1
409	1
408	2
407	1
406	6
405	2
404	2
403	3
402	4
401	4
400	2
399	1
398	1
397	4
396	3
395	2
394	1
393	1
392	1
391	3
390	1
388	3
387	2
386	2
385	4
384	1
383	2
382	3
381	3
379	2
378	1
376	2
374	2
373	1
372	1
371	1
370	1
369	1
368	1
367	3
366	2
365	7
364	3
363	1
362	1
361	2
359	1
358	5
357	2
356	1
355	1
354	3
352	5
351	3
350	1
349	2
348	3
347	2
344	4
343	2
342	3
341	3
340	4
337	2
336	1
335	1
334	2
333	4
332	2
331	2
330	2
329	1
328	2
326	1
325	1
324	4
323	1
322	2
321	1
320	1
319	1
318	1
317	2
316	2
315	3
314	2
313	3
312	2
311	4
310	2
309	1
308	2
307	2
306	1
305	3
304	1
303	1
302	5
301	5
300	2
299	2
298	4
297	1
296	1
295	1
294	4
293	1
292	3
291	2
290	1
289	2
288	1
287	4
286	4
285	2
284	2
282	4
281	6
280	3
279	2
278	3
277	2
276	4
275	2
274	2
273	1
272	1
271	1
270	3
269	2
268	1
267	1
266	2
265	2
264	3
260	4
259	3
258	2
257	2
255	1
254	1
253	2
252	4
251	2
250	2
249	2
248	6
247	1
246	2
245	1
243	1
241	2
240	1
239	3
238	1
237	4
235	1
234	2
233	1
232	1
231	6
230	2
229	2
228	3
227	1
226	3
225	2
224	2
221	2
220	1
219	1
218	4
217	1
216	1
215	2
214	2
213	4
212	2
211	3
210	1
209	3
208	2
207	1
206	2
205	1
204	1
203	2
202	6
201	3
200	3
199	1
198	1
197	2
196	2
194	3
193	4
192	4
190	2
189	4
188	3
187	4
186	1
185	3
184	2
183	1
182	1
180	2
179	3
178	1
177	1
176	2
175	1
174	3
172	1
171	4
170	2
169	4
168	2
166	2
165	1
164	2
162	1
161	3
160	3
159	4
158	2
156	3
155	2
154	3
153	2
152	3
151	1
150	5
