404
750
525	2
524	3
523	1
522	1
521	2
519	1
518	3
517	1
516	6
515	2
514	3
513	4
512	3
511	2
509	1
508	1
507	4
506	3
505	4
504	2
503	1
502	3
501	6
500	1
499	1
498	2
497	3
496	2
495	5
494	1
493	4
492	3
491	3
489	1
488	1
487	3
486	1
485	4
484	2
483	1
481	2
480	2
479	3
478	3
477	2
476	4
475	2
473	4
472	2
471	3
470	2
469	4
468	4
467	2
465	3
464	3
463	3
462	2
461	3
460	3
459	2
458	2
456	2
455	1
454	2
453	5
452	1
451	4
450	3
449	4
448	2
447	4
445	1
444	2
443	5
442	1
441	3
440	2
439	6
438	2
437	2
436	2
435	1
434	1
433	1
432	2
431	4
430	1
429	3
428	4
426	3
425	2
422	2
421	1
420	2
419	2
417	1
416	1
415	4
413	2
412	5
411	3
410	2
409	2
408	1
407	3
406	5
404	1
403	2
402	3
400	3
399	4
398	2
397	2
396	1
395	2
394	1
393	2
392	2
391	4
390	2
389	1
388	2
387	3
386	3
385	4
384	4
383	1
382	2
381	4
380	2
379	2
378	4
377	4
376	5
375	2
374	4
373	1
372	1
371	2
370	1
369	2
368	2
366	3
364	1
362	4
361	2
360	2
359	4
358	1
357	2
356	2
355	1
354	3
353	1
352	3
351	2
350	2
349	1
348	4
347	3
346	1
345	3
344	5
343	5
342	2
341	2
340	2
339	3
338	3
337	1
335	2
334	1
333	5
332	3
330	2
329	2
328	3
327	3
326	4
325	2
324	1
323	1
322	2
321	2
320	2
318	3
317	1
316	2
315	3
313	3
311	2
310	1
309	3
308	2
307	4
306	2
304	1
303	1
302	2
301	4
300	2
299	2
298	1
297	1
296	3
293	3
292	1
291	3
290	1
289	3
288	5
287	1
286	2
285	2
284	2
283	1
282	3
281	4
280	3
279	1
278	2
277	3
276	3
275	1
274	4
273	1
271	2
270	3
269	2
268	2
267	2
265	1
264	3
263	4
262	4
261	4
260	2
259	3
258	2
257	4
255	5
254	4
253	1
251	2
250	5
249	3
248	6
247	1
246	4
245	4
244	3
243	1
242	1
241	2
240	3
238	5
237	1
236	3
235	3
234	1
233	2
232	2
231	2
230	1
228	4
227	3
226	6
224	1
223	1
222	1
221	3
220	4
219	2
217	4
216	5
215	1
214	2
209	5
208	2
207	2
205	3
204	2
203	1
202	3
201	2
200	2
199	3
198	4
197	2
196	3
195	2
194	3
193	1
191	3
189	1
188	3
187	4
186	2
185	6
184	2
183	1
182	2
181	1
180	2
179	2
178	2
177	2
176	1
175	5
174	1
173	3
172	1
171	3
169	1
168	5
167	1
166	2
165	5
164	1
163	4
162	6
161	2
160	4
159	1
158	3
157	5
156	1
155	3
154	2
153	4
152	1
151	2
150	3
149	3
148	2
147	5
146	1
145	2
144	1
143	3
142	2
141	1
140	2
139	3
138	2
137	4
136	1
135	2
134	2
133	1
132	3
131	3
130	3
129	1
128	2
127	1
126	3
125	3
124	1
123	2
122	3
121	4
120	3
119	2
118	3
117	4
116	1
115	3
114	2
113	2
112	1
111	2
110	2
109	2
108	3
107	5
106	2
105	2
104	4
103	2
102	1
101	3
100	1
99	4
98	1
97	1
96	4
95	5
94	1
92	1
91	1
90	2
87	3
86	2
85	2
84	4
83	4
82	2
81	4
80	3
78	2
77	2
76	2
