185
300
239	2
238	1
237	3
235	2
234	1
233	2
231	2
230	6
229	2
228	2
227	1
226	1
225	2
224	1
223	3
222	2
221	2
220	1
219	2
218	2
217	1
216	1
215	1
214	3
213	3
212	2
211	3
210	2
209	1
208	2
207	3
206	1
205	2
204	2
203	1
202	2
201	2
200	3
198	1
197	3
196	2
195	3
194	4
192	2
191	4
189	2
188	2
187	1
186	2
184	4
183	3
182	3
181	2
180	1
179	3
178	1
176	1
175	1
174	2
173	1
172	2
171	1
169	2
168	1
167	1
164	2
163	1
162	4
161	2
160	2
159	1
158	2
157	1
156	1
155	1
152	3
151	2
150	3
149	2
148	1
147	2
146	2
145	2
144	2
143	2
142	5
140	2
139	1
138	1
137	2
136	2
134	4
133	5
130	3
129	5
128	2
127	2
126	3
125	2
124	2
123	3
122	2
121	1
120	1
119	2
118	5
117	2
116	3
115	4
114	1
113	4
112	2
111	2
110	2
109	4
108	3
107	1
105	3
103	3
102	3
100	3
99	2
98	3
97	1
96	2
95	1
94	1
93	2
92	2
91	2
90	1
89	2
88	1
87	2
86	2
85	5
84	1
83	5
82	1
81	3
80	2
79	2
77	2
76	3
75	1
74	5
73	1
72	3
71	1
70	1
69	1
68	2
67	2
66	3
63	4
62	3
61	2
60	3
59	2
58	1
57	3
56	1
55	2
54	3
53	3
52	2
51	3
50	1
49	4
48	3
47	2
46	1
45	2
43	1
42	2
41	4
40	2
39	1
38	4
37	1
36	2
33	2
32	1
31	3
30	1
