246
1000
799	1
793	1
792	1
784	4
783	1
780	1
772	1
770	1
765	1
759	1
758	1
757	1
756	1
755	1
754	1
753	1
749	1
744	1
741	1
739	1
738	1
736	2
735	1
733	1
731	1
730	1
729	1
728	1
727	1
725	1
721	2
719	1
717	1
716	1
711	1
709	1
708	1
707	2
706	1
704	2
702	1
699	1
698	1
696	1
691	1
690	1
689	1
686	1
683	1
681	2
680	1
675	1
674	1
672	1
663	2
659	1
654	1
653	2
651	1
647	1
644	1
642	2
639	1
637	2
635	2
633	1
631	1
630	1
625	1
623	1
616	1
612	1
611	3
610	1
596	3
594	1
589	1
588	1
584	1
583	1
582	2
581	1
579	1
578	1
574	1
571	1
570	1
567	1
566	2
558	1
557	1
553	1
549	1
547	1
546	1
544	1
530	1
528	1
527	2
524	2
523	2
519	1
517	1
516	1
514	1
513	3
508	1
507	1
503	1
502	1
501	1
500	1
499	1
495	1
492	3
485	1
483	1
475	1
473	1
469	1
468	1
467	1
463	1
460	1
456	1
455	1
454	1
452	2
451	2
437	1
433	1
432	1
431	1
430	1
429	1
425	1
423	1
411	1
407	1
405	1
401	1
399	1
397	1
395	1
392	1
388	1
386	1
384	1
379	1
376	2
375	3
374	1
372	3
371	1
370	1
363	1
362	1
361	1
359	1
358	3
347	1
346	1
345	2
344	1
338	1
337	2
333	1
331	1
330	2
327	1
326	1
325	1
324	1
322	2
305	1
302	1
300	1
297	1
293	1
291	2
290	1
288	1
286	2
284	1
282	1
278	1
274	1
272	1
265	1
264	1
263	2
259	1
257	2
248	2
244	1
242	1
241	1
238	1
235	1
234	1
233	1
227	1
225	1
223	1
222	1
219	1
216	1
214	1
213	2
212	2
210	1
205	1
203	1
201	1
196	1
195	1
194	1
191	1
189	2
181	1
178	1
176	2
174	1
163	3
162	1
159	1
156	1
154	1
153	1
150	1
149	1
147	3
146	1
144	2
142	1
139	1
127	1
119	1
118	1
117	1
114	1
110	1
108	1
107	2
106	1
104	1
