259
750
600	1
598	1
597	1
595	2
593	2
592	2
591	2
589	1
587	1
586	1
585	2
584	2
583	1
582	1
581	1
580	1
576	1
575	3
570	3
569	1
568	2
567	2
566	1
564	2
559	1
558	2
557	2
555	1
551	2
549	2
547	1
546	1
545	1
543	2
542	1
537	1
536	2
534	2
532	1
530	1
529	1
525	1
522	1
521	1
517	1
516	1
514	1
513	1
512	1
511	1
510	1
508	1
506	1
505	2
504	1
503	1
502	1
498	1
496	3
495	1
494	3
492	1
491	1
489	2
488	1
487	1
484	1
483	1
481	1
478	1
474	2
471	1
469	1
468	1
467	1
466	1
460	1
458	1
455	2
454	5
452	1
449	1
448	2
447	2
445	2
444	1
442	1
441	1
435	1
434	1
433	1
432	1
431	2
428	1
427	3
425	2
424	1
423	1
422	2
420	1
419	1
418	2
416	3
415	2
413	1
412	2
411	2
408	1
407	1
406	2
404	1
403	1
401	2
400	1
398	4
395	1
393	3
392	2
390	1
389	1
388	1
385	1
381	1
377	2
375	1
374	1
369	3
368	1
367	2
365	2
363	1
362	1
361	1
359	2
358	1
357	2
354	3
351	1
349	3
348	2
346	1
345	2
344	2
343	2
341	1
340	1
338	3
335	1
332	2
331	4
329	3
328	1
327	2
326	1
324	2
323	1
320	1
319	1
318	2
317	1
315	2
312	1
310	1
308	3
306	2
305	2
304	2
302	1
301	1
300	2
296	1
294	1
293	1
291	1
289	1
287	1
284	2
281	2
280	1
279	1
278	1
277	1
276	2
275	1
273	2
270	2
268	1
267	1
266	1
265	1
264	2
263	1
261	1
260	1
259	1
257	2
256	1
253	3
252	2
251	2
249	4
248	2
247	4
246	2
245	2
241	1
240	1
238	1
235	2
234	1
233	2
232	2
230	3
229	1
227	1
225	2
224	1
219	1
216	2
215	4
213	3
211	1
210	1
209	3
204	1
199	1
197	1
196	1
195	4
194	1
193	1
192	2
191	1
189	5
188	2
187	1
185	1
184	1
183	2
182	2
179	1
177	1
176	1
175	1
174	2
171	2
169	1
167	2
166	3
163	1
161	2
160	1
159	2
158	2
157	1
156	1
155	1
153	1
151	2
