289
750
597	1
595	1
594	2
592	1
591	3
589	1
588	1
587	1
586	1
585	1
584	3
580	1
578	1
576	1
575	1
573	1
567	1
566	1
564	1
563	2
561	1
559	3
557	2
556	1
554	1
553	2
551	1
548	1
547	1
543	1
541	1
538	3
537	1
536	1
533	1
532	1
528	4
527	1
526	1
525	1
523	2
522	1
519	1
518	1
517	1
516	4
515	1
514	4
512	2
505	2
503	1
501	3
500	2
498	1
497	2
496	1
494	1
491	2
490	1
489	1
487	1
485	1
482	1
481	1
480	1
479	1
476	2
475	1
473	1
472	3
471	2
470	1
467	2
466	1
464	1
463	1
461	1
456	1
455	1
453	2
452	1
449	1
448	2
446	1
445	1
444	1
443	1
442	1
440	1
435	1
434	1
432	1
430	1
429	1
427	1
426	1
423	1
422	1
419	2
418	1
417	1
412	1
411	1
410	1
409	2
406	1
405	1
403	1
402	1
401	4
400	4
398	1
397	1
392	1
391	1
390	1
388	1
387	1
384	2
382	2
381	1
380	1
379	2
378	1
376	2
375	3
374	1
373	1
372	1
367	1
365	1
364	1
360	2
359	2
356	1
355	1
351	2
347	2
344	1
342	1
338	2
337	3
335	1
334	1
333	1
332	1
331	1
329	2
328	1
323	1
322	2
321	1
320	3
316	1
314	1
311	2
309	1
308	1
305	1
304	2
300	1
296	1
292	1
291	2
290	1
289	1
287	1
280	2
279	2
278	2
277	1
276	2
273	1
272	3
271	2
269	1
267	1
263	1
262	1
261	2
260	1
258	1
257	1
256	1
255	1
254	1
251	3
250	1
248	2
246	1
242	1
241	2
239	2
238	2
237	2
235	1
234	1
231	1
230	3
229	1
228	1
227	2
225	4
223	1
222	1
219	1
218	1
217	1
216	1
215	1
213	1
212	2
211	1
208	2
207	1
205	1
203	1
199	1
198	1
197	2
194	3
193	1
191	2
190	1
188	1
187	1
186	1
183	1
181	1
180	1
176	1
175	1
173	1
172	1
170	2
169	1
168	1
165	1
164	1
163	2
161	3
159	1
158	3
156	1
155	2
154	2
153	1
152	1
150	2
147	2
145	1
142	1
141	1
140	3
139	1
138	2
137	1
136	1
131	1
130	1
129	1
128	1
125	1
123	1
122	3
120	2
119	2
118	1
116	1
114	1
111	1
109	1
108	1
106	1
104	2
103	2
99	1
98	1
95	1
93	1
91	1
89	1
86	1
84	2
83	1
82	1
78	1
77	1
76	1
