120
200
160	9
159	9
158	3
157	7
156	10
155	3
154	5
153	5
152	4
151	8
150	5
149	12
148	8
147	6
146	8
145	2
144	8
143	4
142	1
141	11
140	12
139	7
138	6
137	10
136	6
135	4
134	6
133	8
132	1
131	8
130	5
129	5
128	5
127	10
126	9
125	2
124	3
123	11
122	11
121	7
120	7
119	1
118	3
117	6
116	9
115	12
114	2
113	5
112	4
111	8
110	4
109	9
108	7
107	3
106	6
105	3
104	7
103	9
102	7
101	9
100	5
99	4
98	6
97	5
96	8
95	6
94	5
93	11
92	8
90	7
89	5
88	5
87	13
86	2
85	6
84	6
83	8
82	8
81	9
80	10
79	4
78	6
77	5
76	7
75	4
74	2
73	5
72	4
71	6
70	4
69	7
68	1
67	4
66	6
65	4
64	6
63	6
62	3
61	2
60	6
59	5
58	7
57	6
56	8
55	8
54	7
53	6
52	2
51	4
50	11
49	4
48	9
47	7
46	13
45	6
44	7
43	6
42	7
41	6
40	7
