254
750
524	1
523	2
522	1
520	1
518	3
517	3
516	1
515	2
514	1
513	2
512	1
511	1
510	1
509	1
508	1
507	3
506	1
503	1
501	2
500	4
499	1
496	1
494	1
493	2
492	1
490	1
489	1
488	1
487	1
486	1
485	3
483	1
482	1
481	1
479	2
478	1
477	2
474	1
473	2
471	2
470	1
469	2
468	1
466	4
465	1
464	1
462	3
461	2
458	1
457	4
455	1
454	2
453	1
452	1
451	2
449	1
448	2
447	2
446	3
445	1
444	2
443	1
440	1
439	1
438	1
437	1
436	1
435	2
432	1
429	2
428	1
426	1
424	2
423	1
422	1
420	2
419	1
418	1
417	1
416	1
415	1
412	1
411	1
410	1
409	1
408	1
406	1
404	2
402	1
401	4
400	3
399	3
398	2
397	1
395	1
394	1
392	2
390	1
388	1
387	1
386	1
385	1
382	2
381	2
380	5
379	2
378	1
377	1
376	1
375	2
374	2
373	1
372	3
369	1
368	1
367	1
366	2
363	2
361	1
360	1
359	2
358	1
357	1
355	1
354	1
353	1
352	1
347	4
345	2
342	3
340	1
339	3
337	1
336	1
335	1
334	1
333	1
332	1
330	3
329	1
327	1
325	3
324	2
323	1
320	1
319	3
318	2
316	3
314	2
313	2
311	3
310	1
309	1
307	1
305	1
301	3
299	2
298	2
295	4
294	1
293	4
292	2
289	1
288	3
287	1
286	1
284	1
283	1
282	3
279	1
278	1
277	2
276	5
275	1
273	1
269	1
268	2
267	2
266	1
264	1
262	3
261	1
260	2
259	2
258	1
254	1
253	2
249	5
248	1
247	2
246	1
245	1
244	1
243	1
242	2
240	1
239	2
238	4
237	1
236	1
235	1
234	1
233	1
232	2
231	2
229	2
228	1
227	1
224	2
218	1
217	1
216	1
215	1
214	3
212	2
210	2
204	2
203	2
200	1
199	1
198	1
197	1
196	3
195	1
193	1
190	2
189	1
188	1
186	2
185	1
184	2
183	1
182	1
181	1
179	1
178	1
175	1
173	1
172	3
171	1
169	2
168	1
167	2
166	1
161	3
160	1
157	1
156	2
155	1
154	1
153	1
152	1
151	1
150	1
