232
500
349	1
347	2
346	3
345	1
343	1
342	3
340	2
338	2
337	3
336	3
334	4
333	1
332	1
331	1
329	1
328	1
327	2
326	1
325	2
324	2
323	2
322	4
321	2
320	2
319	1
317	2
316	2
315	2
314	1
313	3
312	2
311	1
309	1
308	2
306	1
305	2
304	2
303	3
302	2
300	1
299	1
298	1
297	1
296	1
295	2
294	1
293	2
292	1
291	2
290	2
289	1
288	2
287	1
286	1
285	3
284	1
282	1
281	2
278	4
277	4
276	1
275	1
272	3
271	1
270	5
269	2
268	2
267	2
266	1
265	2
264	2
262	1
261	4
259	1
258	2
257	4
256	1
255	1
254	1
253	1
252	2
251	1
248	1
246	1
245	1
244	1
243	2
241	1
240	3
239	3
238	1
237	1
236	1
235	1
233	4
231	3
229	2
228	1
226	1
225	2
223	2
222	1
221	1
220	2
219	2
218	1
216	1
214	2
213	2
212	1
211	4
210	1
209	1
208	2
207	3
205	1
203	3
202	3
201	1
200	1
199	1
198	1
196	3
195	5
193	2
192	3
191	2
190	1
189	1
188	3
186	2
185	2
184	4
182	1
181	2
180	2
179	2
177	1
174	2
172	2
171	1
170	2
169	1
166	2
164	1
163	2
162	2
161	1
160	1
159	3
157	1
156	1
154	2
153	1
152	1
151	3
149	3
148	2
147	4
146	1
145	1
144	2
143	2
142	2
141	1
140	3
139	1
137	1
136	1
135	1
134	1
133	4
132	3
131	1
130	1
129	1
126	1
125	1
124	1
123	1
120	2
119	2
118	1
117	2
116	1
115	2
114	2
113	1
112	4
110	1
109	1
108	1
107	2
104	1
103	1
102	1
100	1
99	1
98	1
97	1
96	2
95	2
94	2
93	2
92	2
91	2
90	1
89	1
87	2
86	2
85	1
82	1
81	2
80	1
78	2
77	3
73	1
72	2
71	1
68	1
67	3
66	1
65	1
64	1
62	1
61	1
60	1
56	1
54	1
53	3
52	1
50	1
