272
400
320	4
319	1
318	1
317	6
316	6
315	4
314	4
313	2
312	6
311	3
310	2
309	8
308	2
307	9
306	4
305	2
304	2
303	1
302	6
301	4
300	4
299	6
298	1
297	3
296	2
295	4
294	4
293	4
292	5
291	5
290	3
289	4
288	5
287	3
285	1
284	5
283	1
282	5
281	3
280	6
279	3
278	3
277	5
276	3
275	4
274	5
273	5
272	1
271	5
270	7
269	4
268	9
267	5
266	2
265	2
264	4
263	5
262	4
261	2
260	3
259	5
258	3
257	1
256	6
254	3
253	5
252	7
251	2
250	1
249	7
248	4
247	3
246	1
245	3
244	3
243	3
242	2
241	3
240	2
239	2
238	1
237	1
236	4
235	4
234	4
233	5
232	2
231	2
230	1
229	1
228	2
227	4
226	2
225	5
224	2
223	4
222	2
221	5
220	4
219	5
218	2
217	4
216	1
215	7
213	3
212	5
211	5
210	2
209	3
207	5
205	3
204	5
203	3
202	3
201	5
200	3
199	3
198	3
197	4
196	8
195	4
194	6
193	5
192	2
191	1
190	3
189	3
188	1
187	4
186	4
184	3
183	5
182	4
181	4
180	5
179	3
178	8
177	5
176	4
175	5
174	1
173	3
172	5
171	4
170	1
169	5
168	3
167	4
166	3
165	2
164	1
163	6
162	4
161	2
160	3
159	10
158	4
156	7
155	5
154	3
153	4
152	9
151	4
150	3
149	2
148	3
146	2
145	5
144	2
143	4
142	6
141	5
140	4
139	4
138	3
137	2
136	1
135	7
134	4
133	4
132	2
131	6
130	3
129	5
128	1
127	3
126	6
125	4
124	4
123	5
122	5
121	2
120	1
119	3
118	2
117	6
116	3
115	4
114	8
113	6
112	2
111	5
110	1
109	5
108	6
107	2
106	3
105	3
104	3
103	2
102	2
101	4
100	3
99	3
98	4
97	4
96	2
95	1
94	7
93	1
92	4
91	4
90	4
89	4
88	1
87	4
86	2
85	3
84	4
83	4
82	5
81	4
80	3
79	2
78	2
77	6
76	1
75	5
74	5
73	4
72	5
70	5
69	6
68	3
67	2
66	3
65	4
64	9
63	5
62	2
61	1
60	2
59	3
58	5
57	2
56	2
55	4
54	1
53	5
52	8
51	2
50	3
49	5
48	4
47	3
46	5
45	2
44	4
43	2
42	5
41	5
40	2
