176
400
280	2
279	1
278	1
277	1
276	1
275	1
274	1
272	1
271	1
270	2
269	2
267	2
266	1
265	2
264	4
263	2
262	2
261	1
260	2
259	3
258	2
257	2
256	2
255	1
254	1
252	1
251	2
249	3
247	1
246	1
244	3
243	1
241	3
240	3
239	1
238	1
236	1
235	2
234	1
233	1
232	3
231	2
229	3
228	1
227	1
226	3
225	2
223	2
222	2
221	1
220	3
219	1
218	3
217	1
216	1
215	1
213	1
212	1
210	2
209	2
208	1
207	1
206	1
205	3
202	2
199	2
197	1
196	3
195	2
192	2
191	1
190	2
189	3
186	1
185	2
183	2
182	1
181	1
180	1
179	1
178	1
177	2
176	1
175	2
174	2
173	1
172	2
171	1
168	1
166	2
163	1
162	3
160	1
159	2
157	2
156	2
154	2
153	2
152	6
151	1
150	1
149	2
147	1
146	1
145	1
143	1
142	2
140	1
139	3
137	2
135	1
134	1
133	1
132	3
130	2
129	3
127	1
124	5
123	1
122	2
121	3
120	2
119	1
118	3
117	4
116	1
114	1
113	1
110	2
109	2
108	1
106	3
105	2
103	2
102	1
101	1
99	2
98	1
97	2
96	1
95	2
94	2
93	1
91	1
89	2
88	1
87	1
86	1
85	1
84	2
83	1
79	2
78	1
77	2
76	4
74	2
73	3
72	1
71	1
70	2
69	1
68	1
66	3
64	1
63	1
62	1
57	1
56	1
55	2
49	1
48	1
47	2
46	2
45	3
44	2
42	1
