224
500
398	1
397	2
395	1
394	3
393	1
392	1
391	2
385	3
384	1
382	1
381	1
380	1
379	2
377	2
376	2
375	1
372	2
371	2
370	2
369	2
368	2
367	2
366	1
364	1
363	1
362	1
361	2
359	2
358	1
357	2
355	1
354	3
353	2
351	1
350	1
349	1
348	3
347	1
346	2
345	2
344	2
342	2
341	3
340	2
339	1
338	4
337	2
336	3
335	1
334	1
333	2
332	3
330	2
328	3
327	1
326	2
325	1
324	1
323	1
321	2
320	2
319	1
317	3
316	2
314	1
313	1
310	1
307	1
305	2
303	1
302	1
299	1
298	1
295	2
294	1
293	2
292	1
291	1
290	3
289	2
287	1
284	4
283	1
280	1
279	1
277	4
276	1
275	3
273	2
271	1
269	3
268	1
267	1
264	1
263	3
262	2
261	3
259	1
258	3
257	1
255	3
254	3
252	1
250	1
249	1
248	1
246	4
243	2
242	2
241	1
240	1
238	1
237	1
236	3
235	3
234	1
232	1
231	2
230	1
229	3
228	1
226	2
225	5
224	3
223	2
222	5
221	2
220	2
219	1
217	3
216	1
215	1
214	2
213	3
212	2
211	1
210	1
209	1
208	2
207	1
205	2
204	2
202	1
201	1
200	2
199	1
197	1
196	1
195	1
194	2
193	3
191	1
190	4
189	1
188	3
187	2
186	1
185	4
184	1
183	1
181	1
180	1
179	4
178	1
177	3
175	1
174	3
173	1
172	1
171	2
170	3
169	2
168	1
167	1
166	2
164	3
162	2
161	1
160	2
159	3
158	1
156	1
154	3
153	3
152	1
151	1
149	2
148	1
147	3
146	1
145	1
144	1
143	2
142	2
141	1
139	1
138	1
136	4
135	1
134	3
132	2
129	1
128	1
127	1
125	3
124	3
123	4
122	1
120	2
119	3
116	1
115	1
114	2
113	1
112	4
111	4
109	2
108	2
107	1
106	1
104	1
103	1
101	1
100	1
