119
200
159	8
158	3
157	6
156	3
155	4
154	5
153	3
152	4
151	2
150	3
149	5
148	1
147	5
146	3
145	4
144	6
143	1
142	1
141	4
140	4
139	2
138	4
137	5
136	3
135	6
134	5
132	9
131	3
130	5
129	3
128	4
127	5
126	2
125	3
124	2
123	3
122	5
121	1
120	5
119	4
118	7
117	2
116	3
115	2
114	1
113	4
112	5
111	10
110	7
109	1
108	9
107	3
106	4
105	3
104	3
103	5
102	7
101	3
100	2
99	4
98	5
97	1
96	3
95	4
94	4
93	4
92	3
91	6
90	4
89	5
88	3
87	8
86	9
85	6
84	4
83	2
82	5
81	8
80	5
79	3
78	4
77	2
76	8
75	2
74	6
73	2
72	2
71	6
70	2
69	5
68	4
67	4
66	7
65	9
64	3
63	4
62	5
61	4
60	5
59	3
58	6
57	10
56	6
55	7
54	3
53	6
52	2
51	2
50	6
49	3
48	3
47	2
46	3
45	3
44	5
43	4
42	5
41	2
40	4
