238
750
599	1
597	1
591	1
590	1
585	2
584	1
583	1
582	1
580	1
579	1
577	1
575	1
572	2
570	1
569	1
568	1
567	1
566	1
564	2
561	2
559	1
554	1
550	1
548	3
545	1
543	1
539	1
536	1
535	1
534	1
533	1
530	1
528	1
527	2
525	2
524	1
523	2
522	1
520	1
519	1
518	1
515	1
511	1
510	1
509	1
501	1
500	1
497	1
496	2
495	1
494	1
492	1
491	2
490	2
489	3
488	2
487	2
484	1
481	1
480	1
476	1
474	1
472	1
470	1
468	1
464	1
462	1
459	1
457	1
453	1
451	2
443	1
439	2
436	1
435	1
431	1
430	1
429	1
428	1
427	1
424	1
421	1
420	1
419	1
418	1
416	1
414	1
413	2
410	1
408	2
404	1
402	2
398	1
397	1
390	1
388	2
386	2
381	1
376	1
373	1
371	1
369	1
364	2
361	1
360	1
357	2
351	1
349	2
348	1
347	1
346	1
344	2
342	1
341	4
338	1
335	1
334	1
332	1
331	1
330	1
328	1
327	2
324	1
321	2
318	1
317	1
315	1
314	3
313	1
312	1
310	1
307	2
305	1
304	1
303	2
293	1
290	2
288	2
287	1
286	2
285	2
284	1
280	2
276	1
275	1
272	1
270	2
268	2
267	1
266	1
265	1
264	1
263	1
262	1
261	1
260	1
259	1
257	1
255	1
253	2
252	1
251	1
250	1
249	1
246	1
245	1
241	1
236	1
234	1
232	2
230	1
229	1
228	1
224	1
219	1
218	1
217	1
214	1
213	1
211	1
209	1
207	2
203	1
200	1
197	1
196	1
195	1
194	1
192	1
190	1
188	2
187	1
185	2
184	1
183	1
181	2
178	2
174	2
172	1
169	1
166	1
157	1
154	2
151	3
149	1
144	2
141	2
136	1
122	1
121	1
118	1
117	2
116	1
115	1
114	2
112	1
111	1
109	1
108	3
106	1
104	2
103	1
102	2
101	1
100	1
99	1
98	1
93	1
90	1
89	1
87	1
85	1
84	1
82	1
81	1
80	1
77	1
76	1
