138
200
160	4
159	7
158	4
157	2
156	6
155	4
154	3
153	4
152	3
151	9
150	2
149	4
148	4
147	4
146	1
145	5
144	2
143	3
142	2
141	6
139	2
138	3
136	10
135	4
134	7
133	6
132	4
131	7
130	2
129	2
128	4
127	4
126	5
125	3
124	3
123	3
122	5
121	3
120	4
119	4
118	3
117	2
116	2
115	3
114	3
113	3
112	2
111	4
110	2
109	3
108	2
107	4
106	6
105	3
104	7
103	4
102	3
101	4
100	2
99	6
98	2
97	3
96	2
95	2
94	3
93	7
92	3
91	5
90	6
89	4
88	1
87	5
86	4
85	2
84	5
83	2
82	2
81	4
80	3
79	2
78	6
77	3
76	3
75	4
74	6
73	5
72	2
71	4
70	3
69	6
68	5
67	1
66	2
65	1
64	5
63	2
62	2
61	1
60	6
59	1
58	2
57	5
56	4
55	3
54	3
53	4
52	1
51	2
50	1
49	5
48	5
47	4
46	4
45	4
44	4
43	6
42	1
41	1
40	5
39	2
38	4
37	3
36	2
35	6
33	3
32	5
31	5
30	8
29	5
28	1
27	1
26	1
25	1
24	3
23	5
22	8
21	4
20	2
