251
750
524	1
523	2
522	2
519	1
518	2
516	1
515	1
514	2
512	2
511	1
510	1
509	1
508	1
507	2
506	1
505	1
504	2
500	2
498	2
497	2
496	2
494	1
493	1
492	1
491	1
490	2
489	3
488	1
487	2
486	3
485	1
484	1
483	1
482	1
481	1
480	1
479	3
477	1
476	2
475	1
473	2
472	2
471	2
470	1
469	1
468	2
466	1
465	1
463	1
462	1
460	1
459	1
457	1
455	3
454	2
453	1
452	1
451	1
450	1
449	1
446	2
445	2
444	3
443	2
442	1
441	1
440	3
438	2
437	3
436	3
435	2
434	2
433	3
432	1
430	1
429	1
428	1
427	2
424	1
422	3
420	1
419	1
418	1
417	2
416	3
415	3
414	1
413	2
412	1
410	1
409	3
404	1
403	1
400	2
399	1
398	1
397	2
394	1
391	4
390	1
389	1
388	1
387	4
386	1
385	2
384	1
382	2
380	1
378	1
377	1
372	1
371	4
370	1
369	2
368	4
367	3
366	1
365	4
363	1
360	2
358	3
354	2
352	2
350	1
349	1
348	1
347	1
346	1
345	1
343	1
338	1
336	3
335	1
334	1
331	1
330	1
329	1
326	1
323	2
322	1
321	1
318	1
316	2
315	1
313	1
310	1
309	3
306	2
304	2
303	1
300	2
297	1
296	1
295	2
293	1
290	1
286	3
285	1
284	2
283	1
281	4
280	1
278	1
277	1
276	1
275	1
274	2
273	2
272	3
271	3
268	1
266	4
265	1
264	1
262	2
261	1
260	3
259	1
256	2
255	2
254	1
252	1
251	1
250	1
246	1
245	2
244	1
243	1
241	1
240	1
239	1
238	1
237	1
236	1
235	1
234	2
233	1
232	2
231	2
230	2
228	3
225	1
224	1
223	2
220	1
217	4
215	1
214	1
213	1
212	3
208	1
207	1
206	2
205	1
204	1
203	1
202	2
200	3
199	2
198	2
197	2
196	5
195	2
194	1
191	1
187	1
186	1
184	1
182	2
181	1
177	3
176	1
175	1
173	1
170	1
169	1
168	1
167	3
166	1
165	1
162	1
161	1
160	2
159	3
158	2
157	2
156	1
155	1
154	1
153	3
152	2
