88
1000
798	1
780	1
771	1
760	2
736	1
733	1
718	2
716	1
705	1
700	1
692	1
687	2
681	1
667	1
653	1
648	1
645	1
640	1
636	1
625	1
617	1
616	1
610	1
604	1
602	1
599	1
598	1
595	1
585	1
582	1
580	1
568	1
567	1
556	1
546	1
542	1
531	1
530	2
524	1
522	1
515	1
508	1
503	2
499	1
495	1
487	1
485	1
484	1
481	1
477	1
467	1
454	1
446	1
444	2
442	1
440	1
433	1
431	1
430	1
425	2
416	1
383	1
378	1
373	1
371	1
337	1
336	1
331	2
327	1
325	1
324	1
322	1
316	2
315	2
274	1
273	1
270	1
263	1
258	1
244	1
240	2
239	1
230	2
227	1
225	1
222	1
217	1
207	1
