161
1000
700	1
695	2
689	1
688	1
686	1
685	1
681	1
674	1
670	1
666	3
662	2
655	1
654	1
649	1
647	2
642	1
640	2
635	1
624	1
618	1
617	2
614	1
613	1
611	1
605	2
603	1
601	1
597	1
594	1
592	1
591	1
588	2
586	1
583	1
582	1
581	2
579	1
575	3
574	1
573	1
569	1
566	2
565	1
564	1
563	1
562	1
552	1
549	1
547	2
545	1
540	1
536	1
535	1
528	1
524	1
521	1
520	1
518	1
515	1
514	1
513	2
512	1
509	1
503	1
499	2
498	1
495	1
487	1
486	1
483	1
482	1
481	1
478	1
471	1
470	1
469	1
463	1
459	2
456	1
455	1
448	2
442	2
438	1
436	1
431	1
429	2
428	1
426	2
424	1
421	1
411	2
407	1
402	1
392	1
390	1
388	1
386	2
379	1
375	1
371	1
359	2
356	1
354	1
353	1
347	1
343	1
342	1
341	1
339	1
337	1
335	1
332	1
330	1
325	1
323	2
311	2
310	1
308	1
306	2
305	1
303	1
302	1
299	1
298	2
296	1
295	1
289	1
288	1
284	2
283	1
281	3
278	1
276	1
275	1
274	1
272	1
268	1
267	1
265	2
264	1
263	1
261	1
257	1
252	2
251	2
248	1
239	2
238	1
236	1
231	1
230	1
225	1
220	1
218	1
217	1
209	2
208	2
207	1
204	2
203	2
202	1
