121
200
160	5
159	3
158	5
157	4
156	4
155	10
154	7
153	1
152	6
151	6
150	9
149	8
148	4
147	4
146	5
145	5
144	5
143	8
142	7
141	8
140	7
139	6
138	4
137	2
136	10
135	8
134	6
133	6
132	3
131	12
130	7
129	5
128	11
127	8
126	12
125	2
124	9
123	10
122	4
121	4
120	8
119	10
118	5
117	3
116	9
115	5
114	8
113	6
112	4
111	5
110	4
109	5
108	6
107	5
106	7
105	6
104	7
103	5
102	11
101	5
100	7
99	10
98	4
97	2
96	5
95	7
94	4
93	4
92	3
91	4
90	7
89	6
88	7
87	7
86	10
85	7
84	5
83	4
82	3
81	6
80	7
79	8
78	8
77	5
76	6
75	3
74	10
73	8
72	7
71	11
70	7
69	5
68	5
67	7
66	8
65	7
64	4
63	5
62	4
61	6
60	10
59	3
58	6
57	3
56	7
55	6
54	8
53	4
52	8
51	8
50	3
49	5
48	9
47	3
46	7
45	7
44	5
43	8
42	7
41	8
40	8
