209
750
525	1
524	1
523	2
522	1
521	1
519	1
518	1
516	3
515	2
514	3
513	1
512	1
510	4
509	1
507	2
505	1
504	3
500	1
497	2
496	2
495	1
493	1
490	2
487	1
486	3
484	1
482	1
478	1
476	1
475	1
473	1
472	1
470	2
468	1
465	1
463	1
461	2
460	1
459	1
457	1
455	1
451	1
450	1
448	2
447	3
446	2
444	2
442	2
441	2
440	1
437	2
436	1
435	1
432	1
431	1
430	1
424	2
422	2
420	1
418	1
417	3
416	1
414	1
413	1
411	1
408	1
406	1
405	2
404	1
403	1
401	1
398	1
397	1
395	1
392	1
388	1
385	1
383	1
379	1
378	2
377	3
376	1
375	2
372	1
371	1
370	1
367	2
366	2
364	2
360	2
359	1
358	2
357	2
354	1
353	1
352	1
350	3
348	1
344	3
343	2
340	2
339	1
336	1
335	1
332	2
330	1
329	1
327	2
326	1
320	1
319	1
317	4
316	1
315	1
314	3
313	1
312	1
311	1
309	1
306	1
304	1
302	2
301	2
300	1
299	1
298	1
297	1
296	2
295	1
294	1
293	1
288	2
287	2
286	1
284	1
283	1
280	3
279	2
278	1
277	2
276	1
275	1
274	1
269	2
266	3
263	1
262	1
261	2
260	2
258	1
257	1
256	1
255	1
254	1
253	1
250	2
247	3
246	1
245	1
244	1
243	1
242	1
237	2
236	2
235	2
232	1
230	1
228	1
227	1
220	1
219	1
218	2
217	1
216	1
215	2
214	1
212	1
211	1
207	1
205	1
203	1
198	1
197	1
196	1
194	2
192	1
190	2
188	1
185	1
184	1
183	1
181	2
179	2
177	1
175	3
173	2
171	2
170	2
169	1
166	3
163	1
162	1
161	2
160	1
159	2
158	1
157	1
156	1
155	2
