157
400
279	1
278	6
277	3
276	2
275	1
274	1
273	2
272	1
271	2
270	3
269	2
268	1
267	1
266	3
265	1
264	1
263	2
262	2
260	1
259	4
253	2
251	1
250	4
249	2
248	1
247	1
246	2
244	4
243	1
241	1
240	3
238	3
237	2
236	2
235	1
234	2
233	2
232	2
230	1
229	1
226	1
225	1
224	4
223	1
222	2
221	1
220	2
219	1
218	3
217	1
216	2
215	2
214	2
213	3
212	2
210	1
208	1
207	1
205	1
204	5
203	2
202	1
201	4
200	3
199	2
198	1
196	4
195	2
194	1
193	1
192	4
191	1
190	1
189	1
188	3
187	1
186	3
184	2
183	1
182	1
181	1
180	1
179	3
177	3
175	2
172	2
171	1
170	2
169	2
168	1
167	1
166	2
165	3
164	4
163	1
162	2
161	4
160	5
159	1
158	2
157	1
156	1
154	1
152	1
150	1
149	4
147	1
145	1
144	1
143	2
142	3
141	4
139	1
138	2
135	2
134	3
132	3
130	3
129	1
128	2
127	1
125	1
124	2
123	1
122	1
121	2
118	1
117	1
115	2
114	1
113	4
112	3
111	2
110	2
108	2
107	1
106	2
105	3
104	2
102	1
101	1
100	2
99	2
98	1
96	1
95	1
94	1
93	1
92	1
91	1
90	1
89	1
87	3
86	2
84	2
83	3
81	6
