235
400
280	2
279	4
278	3
277	3
276	3
275	6
274	6
273	3
272	5
271	5
270	5
269	3
268	4
267	5
266	2
265	2
264	5
263	2
262	7
261	2
260	7
259	4
258	1
257	3
256	7
255	8
254	2
253	5
252	3
251	2
250	8
249	3
248	4
247	2
245	2
244	4
243	11
242	5
241	5
240	6
239	4
238	5
237	4
236	1
235	5
234	8
233	5
232	3
231	4
230	4
229	3
228	2
227	3
226	2
225	2
224	5
223	5
222	3
221	1
220	5
219	3
218	2
217	3
216	5
215	5
214	4
213	1
212	4
211	4
210	9
209	5
208	7
207	7
206	1
205	5
204	2
203	2
202	5
201	6
200	2
199	5
198	5
197	5
196	7
195	4
194	3
193	4
192	5
191	6
190	4
189	5
188	2
187	3
186	4
185	4
184	7
183	5
182	9
181	5
180	4
179	7
178	6
177	5
176	2
175	2
174	6
173	4
172	3
171	7
170	5
169	4
168	9
166	3
165	5
164	3
163	3
162	3
161	4
160	5
159	9
158	5
157	4
156	4
155	7
154	2
153	2
152	8
151	6
150	4
149	3
148	5
147	4
146	5
145	2
144	7
143	2
142	9
141	2
140	3
139	2
138	2
137	2
136	2
135	6
134	7
133	3
132	3
131	4
130	7
129	5
128	4
127	5
126	8
125	4
124	6
123	5
122	3
121	8
120	3
119	4
118	5
117	3
116	5
115	5
114	5
113	6
112	1
111	6
110	7
109	2
108	4
107	1
106	2
105	2
104	3
103	1
102	1
101	2
100	4
99	3
98	7
97	1
96	3
95	6
94	2
93	4
92	4
91	3
90	6
89	6
88	3
87	4
86	5
85	4
84	4
83	5
82	4
80	5
79	7
78	3
77	3
76	4
75	6
74	5
73	5
72	4
71	3
70	3
68	2
67	3
66	2
65	5
64	3
63	5
62	3
61	5
60	3
59	7
58	4
57	7
56	4
55	9
54	5
52	5
51	9
50	7
48	3
47	3
46	5
45	4
44	5
43	5
42	4
41	1
40	2
