174
500
348	2
347	3
346	1
344	1
343	2
342	2
340	1
339	2
338	2
336	1
335	2
333	2
332	2
331	3
330	1
329	2
328	3
326	1
324	1
323	1
322	2
321	1
320	2
319	2
317	1
316	2
315	1
314	1
313	1
312	2
311	1
310	2
308	1
306	1
304	1
303	3
302	1
301	1
299	3
297	2
296	1
294	2
293	1
292	2
291	3
289	2
288	3
287	3
286	2
283	2
282	1
281	4
277	1
276	2
274	2
273	2
271	2
269	1
267	2
266	4
265	1
263	1
262	1
260	1
259	1
258	1
254	3
253	1
252	1
251	2
250	3
249	5
248	2
247	2
246	1
245	2
242	4
241	1
239	1
237	1
236	3
235	3
234	2
232	1
230	1
228	1
227	1
225	1
224	1
223	2
221	1
220	2
219	3
218	1
217	2
215	1
213	1
211	3
210	1
208	1
207	1
205	1
204	2
203	1
201	2
199	1
198	3
197	1
195	2
193	1
192	2
187	1
186	2
185	4
184	1
183	1
182	1
181	2
180	3
179	2
177	2
176	3
174	3
172	1
171	2
170	1
168	1
167	2
166	3
165	1
164	4
163	1
162	1
161	2
160	1
158	2
156	1
153	1
151	1
150	4
149	2
147	1
146	2
145	2
144	1
142	2
141	1
139	4
137	1
136	3
135	3
134	1
133	1
130	1
129	1
128	1
126	3
125	1
124	2
121	1
120	1
119	2
118	1
117	1
115	1
114	1
113	2
112	1
111	2
107	2
106	2
102	2
101	1
100	1
