191
500
400	3
399	1
396	1
395	1
394	2
393	1
391	1
390	1
389	2
387	3
386	1
383	1
382	1
381	2
380	1
379	2
376	3
375	1
374	1
371	1
370	2
366	2
365	1
362	4
361	1
360	2
359	2
355	2
354	1
352	1
350	2
349	1
348	4
347	1
345	1
344	1
343	1
342	2
341	3
338	1
337	2
336	2
335	2
334	2
333	2
332	2
330	1
327	1
326	1
325	2
323	1
320	1
318	3
313	1
312	1
311	2
310	1
309	1
308	1
307	1
306	1
304	1
303	1
300	1
299	1
296	2
294	3
293	3
291	3
289	1
287	2
284	1
283	1
282	1
280	1
276	2
275	2
274	1
273	1
271	1
270	1
267	1
264	1
262	1
261	2
260	1
259	1
257	2
253	1
252	2
250	2
248	2
247	2
245	2
241	2
239	3
238	1
236	1
235	2
230	1
229	4
228	2
227	1
225	2
224	2
220	1
219	1
218	1
214	1
213	1
212	1
209	2
208	3
205	1
203	1
198	1
196	2
194	1
193	1
192	1
191	1
190	2
188	1
183	1
179	2
177	1
176	2
175	3
171	1
168	2
166	1
165	3
162	2
159	4
158	2
155	2
154	1
152	1
151	1
150	1
149	2
148	1
145	1
142	2
141	1
140	2
138	2
137	2
134	1
132	1
130	4
129	1
127	5
126	2
123	2
122	2
121	1
120	1
119	1
118	2
117	1
116	2
114	1
111	2
109	1
108	1
106	1
104	1
103	3
99	1
97	1
94	2
90	2
85	2
84	3
83	1
82	1
81	1
80	2
79	1
72	1
70	1
69	1
68	2
65	3
61	1
58	1
56	1
54	1
52	1
51	1
