276
400
320	1
319	5
318	2
317	1
316	4
315	5
314	2
313	3
312	3
311	5
310	5
309	2
308	2
307	2
306	4
305	5
304	2
303	5
302	4
301	4
300	5
299	2
298	4
297	5
296	6
295	1
294	6
293	1
292	2
291	3
290	1
289	4
288	2
287	7
286	5
285	3
284	5
283	4
282	6
281	4
280	3
279	7
278	2
277	2
276	4
274	5
273	3
272	6
271	1
270	8
269	3
268	1
267	3
266	2
265	2
264	5
263	4
262	4
261	4
260	3
259	5
258	2
257	4
256	3
255	4
254	6
253	2
252	4
251	3
250	7
249	4
248	3
247	1
246	4
245	7
244	2
243	7
242	5
241	5
240	5
239	3
238	3
237	5
236	3
235	4
234	2
233	2
232	4
231	6
230	1
229	4
228	2
227	1
226	2
225	5
224	3
223	4
222	3
221	5
220	8
219	2
218	1
217	4
216	7
215	3
214	4
213	3
212	2
211	5
210	2
209	2
208	4
207	3
206	5
205	1
204	3
203	1
202	3
201	3
200	2
199	3
198	4
197	4
196	3
195	7
194	1
193	5
192	2
191	3
190	1
189	3
188	3
187	2
186	6
185	2
184	2
183	1
182	4
181	8
180	2
179	4
178	2
177	3
176	3
175	2
174	3
173	7
172	2
171	4
170	7
169	2
167	2
166	2
165	5
164	6
163	6
162	5
161	4
160	2
159	3
158	7
157	4
156	2
155	6
154	5
153	4
152	6
151	1
150	2
149	4
148	4
147	4
145	2
144	3
143	4
142	8
141	2
140	3
139	5
138	1
137	6
136	3
135	4
134	7
133	5
132	3
131	4
130	3
129	3
128	3
127	7
126	5
125	4
124	2
123	3
122	3
121	4
120	2
119	2
118	4
117	1
115	4
114	3
113	2
112	5
111	5
110	1
109	5
108	3
107	5
106	4
105	5
104	4
103	1
102	1
101	4
100	2
99	1
98	4
97	7
96	5
95	2
94	2
93	6
92	5
91	6
90	2
89	3
88	4
87	4
86	3
85	6
84	2
83	5
82	4
81	4
80	4
79	3
78	6
77	4
76	4
75	5
74	4
73	3
72	6
71	3
70	4
69	4
68	4
67	4
66	3
65	3
64	4
63	5
62	3
61	3
60	3
58	2
57	8
56	1
55	2
54	1
53	4
52	3
51	2
50	3
49	2
48	4
47	3
46	2
45	7
44	5
43	4
42	8
41	2
40	4
