197
400
280	3
279	7
278	3
277	3
276	7
275	6
274	6
273	2
272	3
271	5
270	2
269	2
268	3
267	3
266	4
265	1
264	1
263	1
262	1
261	5
260	4
259	3
258	5
257	4
255	5
254	3
253	2
252	5
251	2
250	7
249	3
248	3
247	4
246	4
245	6
244	3
243	3
242	8
241	2
240	3
239	7
238	3
237	4
236	4
235	5
234	5
233	5
232	5
231	2
230	7
229	8
228	3
227	3
226	4
225	3
224	2
223	3
222	4
221	5
220	2
219	2
218	4
217	6
216	4
215	5
214	3
213	2
212	2
211	4
210	2
209	2
208	3
207	3
206	3
205	4
204	7
203	4
202	3
201	1
200	3
199	4
198	6
197	2
196	6
195	6
194	5
193	5
192	3
191	7
190	4
189	5
188	4
187	4
186	6
184	6
182	3
181	3
180	3
179	2
178	3
177	4
176	8
175	2
174	4
173	3
172	4
171	2
169	2
168	3
167	2
166	5
165	7
164	2
163	5
162	2
161	3
160	2
159	4
158	3
157	3
156	9
155	2
154	7
153	1
152	1
151	3
150	3
149	6
148	5
147	2
146	2
145	4
144	5
143	7
142	2
141	4
140	2
139	4
138	4
137	1
136	3
135	3
134	4
133	5
132	4
131	3
130	4
129	4
128	2
127	5
126	5
125	3
124	3
123	3
122	6
121	5
120	4
119	4
118	2
117	5
116	2
115	5
114	1
113	2
112	2
111	1
110	2
109	1
108	6
107	5
106	4
105	8
104	2
103	5
102	7
101	4
100	5
99	6
98	3
97	6
96	8
95	6
94	2
93	2
92	4
91	2
90	2
89	3
88	6
87	2
86	2
85	3
84	7
83	6
82	4
81	4
80	4
