177
300
240	1
239	4
238	3
237	1
236	2
233	3
232	1
231	1
230	3
228	2
226	4
225	2
224	4
223	2
222	2
221	3
220	3
219	2
217	3
216	3
215	1
214	3
213	1
212	3
211	2
210	2
209	3
208	3
207	4
206	1
204	2
203	2
202	2
201	2
200	2
199	5
198	1
196	1
195	5
194	4
193	2
191	2
190	2
189	2
188	1
187	4
186	4
185	2
184	1
183	3
182	3
181	3
180	4
179	3
178	3
177	2
176	3
174	1
173	1
171	2
170	1
167	1
166	3
164	2
162	3
161	1
160	4
157	6
155	1
154	1
151	1
150	3
149	2
148	1
147	1
146	1
145	4
144	2
143	2
141	2
140	1
138	1
137	2
136	1
135	4
134	2
132	1
130	2
128	2
127	5
125	2
124	4
123	2
122	1
121	2
120	1
119	1
118	1
117	1
116	2
115	6
114	2
113	1
112	3
111	4
110	3
109	1
108	3
106	1
105	3
104	3
103	4
102	2
100	2
98	2
97	1
96	1
95	5
94	1
93	3
92	2
91	1
90	1
89	1
88	2
87	3
86	1
85	1
84	3
83	3
82	1
81	1
80	2
78	2
77	2
76	3
75	3
74	3
73	1
72	4
71	2
70	2
69	3
68	2
67	2
66	2
65	4
64	2
63	4
62	2
61	3
60	1
59	1
58	1
57	1
56	2
54	5
52	1
51	1
49	1
48	3
47	2
46	4
45	3
44	2
42	5
41	3
40	1
39	2
38	2
37	3
36	2
35	1
34	1
33	1
31	3
30	3
