288
500
400	3
399	4
398	9
397	3
396	2
395	5
394	1
393	5
392	1
391	2
390	1
389	4
388	4
387	5
386	2
385	6
384	5
382	2
381	4
380	2
379	3
378	2
377	5
376	3
375	4
374	3
373	4
372	5
371	2
370	5
369	4
368	4
367	3
366	2
365	3
363	2
362	5
361	4
360	4
359	3
358	2
357	5
356	1
355	5
354	1
353	3
352	6
351	5
350	2
349	4
348	1
347	9
346	3
345	4
344	7
343	2
342	4
341	3
340	1
339	3
338	3
336	6
335	3
334	3
333	5
332	1
331	2
330	4
329	6
328	2
327	2
326	4
325	4
324	7
323	4
322	2
321	6
320	1
319	3
318	6
317	3
316	8
315	1
314	5
313	6
312	6
311	3
310	3
309	3
308	3
307	5
306	4
305	2
304	2
303	2
302	6
301	2
300	4
299	2
297	3
296	5
295	6
294	3
293	3
292	6
291	2
290	3
289	3
288	9
287	3
286	2
285	4
284	4
283	7
282	2
281	4
280	1
279	4
276	2
275	4
274	2
273	4
272	1
271	3
270	4
269	3
268	4
267	2
266	3
265	4
264	5
263	2
262	5
261	5
260	4
259	6
258	6
257	6
256	1
255	4
254	4
253	2
252	1
251	4
250	6
249	7
248	3
247	1
246	1
245	1
244	4
243	3
242	1
241	1
240	3
239	2
238	6
237	2
236	3
235	5
234	9
233	3
232	5
231	1
229	2
228	4
227	3
226	6
225	1
224	3
223	5
222	4
221	2
220	5
219	5
218	3
217	1
216	3
215	5
213	2
212	2
211	3
210	4
209	3
208	1
207	5
206	6
205	4
204	5
203	1
202	2
201	2
199	1
198	3
197	2
196	4
195	2
194	4
193	7
192	5
191	3
190	1
189	5
188	3
187	5
186	5
185	1
183	2
182	3
181	2
180	3
179	4
178	3
176	4
175	3
173	5
172	2
171	5
170	2
169	3
168	5
167	5
166	6
165	1
164	3
163	5
162	5
161	6
160	3
159	1
158	5
157	4
155	1
154	2
153	4
152	7
151	2
150	2
149	3
148	3
147	2
146	1
145	6
144	5
143	4
142	9
141	2
140	1
139	3
138	2
137	4
136	3
135	6
134	5
133	2
132	1
131	5
130	1
129	1
128	2
127	1
126	2
125	6
124	3
123	3
122	2
121	3
120	2
119	5
118	3
117	5
116	5
115	3
114	2
113	4
112	4
111	4
110	2
109	2
108	1
107	1
106	3
105	4
104	5
103	6
102	3
101	2
100	5
