146
300
210	3
209	3
208	3
207	1
205	7
204	5
203	1
202	3
201	2
200	4
198	7
197	1
196	7
195	6
194	3
193	5
192	5
191	4
190	5
189	5
188	4
187	3
186	5
185	3
184	1
183	5
182	5
181	3
180	1
179	2
178	1
177	6
176	2
175	2
174	2
173	2
172	1
171	3
170	2
169	5
168	3
167	4
166	4
165	2
164	3
163	3
162	4
161	3
160	4
159	2
158	3
157	5
156	4
155	3
154	3
153	1
152	4
151	5
150	6
148	2
147	3
146	4
145	2
144	3
143	5
142	5
141	3
140	3
139	2
138	2
137	4
136	4
135	5
134	3
133	1
132	2
131	3
130	4
129	1
128	4
127	3
126	3
125	5
124	1
123	4
122	6
121	4
120	4
119	4
118	5
117	3
116	3
115	1
114	1
113	4
112	3
111	1
109	8
108	2
107	4
106	3
105	2
104	3
103	4
102	1
101	5
100	3
99	2
98	4
97	4
96	5
95	6
94	3
93	4
92	5
91	10
90	4
88	2
87	1
86	5
85	5
84	4
83	3
82	5
81	4
80	1
79	4
78	1
77	3
76	1
75	6
74	1
73	2
72	3
71	4
70	5
69	1
68	2
67	2
66	2
65	7
64	4
63	5
62	1
61	6
60	4
