209
300
240	3
239	4
238	5
237	1
236	6
235	3
234	5
233	8
232	4
231	4
230	8
229	7
228	6
227	4
226	9
225	4
224	6
223	4
222	3
221	5
220	5
219	4
218	2
217	6
216	4
215	5
214	5
213	4
212	6
211	1
210	5
209	4
208	6
207	2
206	8
205	3
204	7
203	4
202	4
201	5
200	3
198	4
197	4
196	6
195	7
194	2
193	5
192	4
191	4
190	3
189	6
188	3
187	4
186	3
185	7
184	3
183	2
182	12
181	3
180	5
179	7
178	6
177	3
176	6
175	10
174	2
173	5
172	2
171	4
170	7
169	4
168	3
167	6
166	6
165	4
164	6
163	5
162	3
161	3
160	2
159	4
158	5
157	3
156	5
155	6
154	5
153	6
152	7
151	2
150	5
149	4
148	1
147	4
146	2
145	2
144	3
143	5
142	3
141	3
140	3
139	4
138	5
137	9
136	3
135	5
134	4
133	4
132	4
131	5
130	3
129	6
128	3
127	6
126	5
125	7
124	4
123	6
121	4
120	6
119	3
118	6
117	3
116	5
115	1
114	5
113	5
112	8
111	7
110	6
109	9
108	10
107	5
106	4
105	3
104	9
103	6
102	2
101	8
100	6
99	2
98	5
97	3
96	6
95	3
94	7
93	6
92	5
91	6
90	5
89	6
88	7
87	5
86	7
85	8
84	1
83	2
82	4
81	6
80	5
79	8
78	4
77	3
76	1
75	2
74	7
73	10
72	1
71	7
70	10
69	11
68	5
67	2
66	6
65	4
64	4
63	5
62	4
61	7
60	3
59	7
58	3
57	4
56	4
55	5
54	4
53	4
52	11
51	5
50	7
49	2
48	6
47	2
46	2
45	6
44	3
43	4
42	10
41	3
40	2
39	6
38	7
37	4
36	4
35	2
34	2
33	7
32	7
31	2
30	7
