95
1000
795	1
792	1
786	1
784	1
779	1
776	1
769	1
762	1
761	1
748	1
737	1
733	1
717	1
702	1
692	1
690	1
672	1
667	1
660	1
657	1
651	1
620	1
617	1
616	2
609	1
607	1
595	1
593	1
592	1
587	1
586	2
571	1
555	1
551	1
547	1
541	1
533	1
489	1
485	1
478	1
475	1
465	1
452	1
445	1
443	1
441	1
439	1
432	1
429	1
420	1
418	1
415	1
409	1
389	1
385	1
376	1
361	1
355	1
350	1
344	1
322	1
321	1
310	1
304	1
294	1
292	1
284	1
278	1
268	1
247	1
228	1
227	1
222	1
218	1
216	1
214	1
198	2
194	1
185	1
183	1
181	1
179	1
162	1
158	1
157	1
143	1
141	2
136	1
134	1
128	1
126	2
118	1
115	1
105	1
103	1
