181
300
240	6
239	2
238	9
237	10
236	11
235	10
234	6
233	4
232	9
231	8
230	1
229	3
228	6
227	7
226	4
225	8
224	8
223	2
222	7
221	9
220	7
219	5
218	4
217	3
216	5
215	5
214	6
213	8
212	3
211	4
210	5
209	8
208	7
207	4
206	3
205	6
204	7
203	7
202	7
201	4
200	8
199	13
198	8
197	8
196	5
195	6
194	9
193	3
192	4
191	5
190	4
189	7
188	8
187	3
186	2
185	2
184	8
183	4
182	5
181	12
180	10
179	7
178	6
177	3
176	5
175	5
174	5
173	4
172	5
171	6
170	5
169	5
168	6
167	7
166	8
165	7
164	6
163	3
162	6
161	4
160	5
159	4
158	5
157	7
156	2
155	7
154	8
153	8
152	5
151	4
150	3
149	2
148	6
147	1
146	3
145	4
144	6
143	2
142	8
141	4
140	6
139	12
138	7
137	4
136	8
135	6
134	3
133	9
132	6
131	4
130	3
129	3
128	3
127	5
126	1
125	9
124	8
123	5
122	5
121	4
120	6
119	5
118	7
117	8
116	7
115	5
114	4
113	2
112	6
111	10
110	6
109	9
108	6
107	3
106	7
105	5
104	3
103	5
102	3
101	5
100	4
99	7
98	5
97	8
96	6
95	7
94	4
93	4
92	6
91	1
90	8
89	5
88	4
87	5
86	4
85	4
84	8
83	3
82	5
81	3
80	5
79	5
78	7
77	7
76	4
75	3
74	3
73	7
72	3
71	4
70	2
69	7
68	4
67	5
66	9
65	5
64	8
63	3
62	3
61	6
60	7
