106
150
120	9
119	7
118	8
117	8
116	6
115	10
114	8
113	8
112	8
111	6
110	8
109	3
108	11
107	3
106	8
105	8
104	7
103	9
102	5
101	9
100	10
99	4
98	9
97	5
96	7
95	4
94	8
93	10
92	7
91	8
90	11
89	3
88	9
87	3
86	4
85	8
84	8
83	7
82	6
81	11
80	8
79	5
78	10
77	6
76	3
75	5
74	6
73	7
72	8
71	6
70	8
69	7
68	11
67	6
66	7
65	5
64	8
63	10
62	13
61	8
60	6
59	7
58	4
57	7
56	6
55	5
54	8
53	6
52	6
51	5
50	7
49	9
48	1
47	6
46	10
45	12
44	11
43	5
42	6
41	7
40	9
39	9
38	8
37	8
36	7
35	4
34	7
33	5
32	6
31	8
30	6
29	7
28	7
27	11
26	6
25	9
24	5
23	5
22	6
21	8
20	5
19	6
18	7
17	6
16	7
15	6
