242
500
350	1
349	4
348	3
347	5
346	2
345	5
344	2
343	6
342	2
341	1
340	6
339	2
338	2
337	1
336	5
335	2
334	1
333	2
332	6
331	4
330	5
329	1
328	3
327	4
326	2
325	2
324	3
323	1
322	4
321	5
320	3
319	5
318	5
317	3
314	3
313	4
312	2
311	2
310	2
309	2
308	2
307	8
306	2
305	1
304	3
303	3
302	2
301	3
300	3
299	1
298	2
297	3
296	4
295	6
294	5
293	3
292	4
291	4
290	3
289	2
288	6
287	2
286	2
285	5
284	1
282	6
281	4
280	5
279	4
278	2
277	7
276	4
275	1
274	5
273	4
272	1
271	5
270	3
269	2
267	1
265	3
264	4
263	3
262	3
261	5
260	2
259	4
258	4
256	3
255	4
254	6
253	6
252	3
251	4
250	5
249	4
248	1
247	1
246	2
245	3
244	1
243	3
242	1
241	1
240	2
239	6
238	3
237	1
236	2
235	1
234	3
233	5
232	2
231	4
230	2
228	6
227	5
226	3
225	3
224	2
223	3
222	3
221	6
220	2
219	4
218	1
217	2
216	3
215	3
214	2
213	3
212	2
211	3
210	2
209	2
208	5
207	3
206	2
205	6
204	2
203	3
202	1
201	3
200	3
199	5
198	3
197	2
196	4
195	4
194	2
193	4
192	2
191	5
190	3
189	2
188	2
187	3
186	4
185	2
183	2
182	1
180	5
179	6
178	2
177	2
176	4
175	4
174	3
173	1
172	2
171	4
170	1
169	1
168	1
167	1
166	4
165	2
164	2
163	6
162	2
161	1
160	5
159	5
158	5
157	6
156	3
155	4
154	3
153	3
152	1
151	4
150	4
149	4
148	3
147	2
146	4
145	2
144	6
143	3
142	2
141	2
140	4
139	6
138	3
137	1
136	2
135	3
134	1
133	1
132	3
131	3
130	2
129	3
128	2
127	2
126	4
125	3
124	1
123	4
122	1
121	3
120	3
119	4
118	1
117	1
116	3
115	5
114	3
113	2
112	2
111	2
110	5
109	5
108	3
107	7
106	1
105	2
104	7
103	4
102	6
101	2
100	3
