186
400
280	3
279	3
278	2
277	3
276	1
275	1
274	3
273	2
272	1
271	3
270	3
268	6
267	4
266	2
265	2
264	2
263	3
262	3
261	2
260	5
259	1
258	3
257	1
256	2
255	2
254	4
253	1
252	7
251	4
250	1
249	4
248	2
246	4
245	2
244	2
243	1
242	1
241	2
240	2
238	2
237	1
236	3
235	2
234	4
232	1
231	4
230	4
229	4
227	1
226	1
225	4
224	4
223	2
222	2
221	2
220	3
219	2
218	3
217	4
216	1
215	3
214	2
213	3
212	6
211	1
210	1
209	3
208	3
207	2
206	2
205	1
204	3
203	3
202	4
201	2
200	3
199	1
198	1
197	2
196	3
195	1
194	2
193	1
192	2
191	3
190	2
189	2
188	1
187	3
186	4
185	1
184	2
183	3
182	3
181	4
180	4
177	5
176	5
174	1
173	4
172	3
171	3
170	5
169	5
168	4
167	3
166	1
165	2
164	3
163	2
162	2
161	1
160	5
159	3
158	3
157	2
156	1
155	5
154	6
152	3
151	2
150	2
149	3
148	4
147	5
146	1
144	2
143	3
142	1
141	1
140	2
139	2
138	2
137	2
136	2
135	2
134	2
133	5
132	1
130	4
129	2
128	4
127	3
126	5
125	2
124	2
123	1
122	1
121	4
120	1
119	1
118	4
117	1
116	6
115	3
114	1
113	3
112	1
111	1
110	3
109	6
107	4
106	4
105	6
104	3
103	5
102	2
101	2
100	1
99	5
98	2
97	3
95	2
94	1
93	5
92	4
91	4
90	4
89	3
88	1
87	7
86	2
85	1
84	1
81	3
80	4
