188
400
280	2
279	1
278	4
277	1
276	3
275	1
274	2
273	2
272	3
271	3
270	3
269	4
268	3
267	1
266	2
265	2
264	9
263	1
262	1
261	1
260	3
258	3
257	2
256	7
255	1
254	4
253	1
252	4
250	2
249	3
248	2
247	2
246	1
244	5
243	7
242	3
241	1
240	2
239	3
238	3
237	1
236	1
235	3
234	2
233	1
232	1
231	3
230	3
227	1
226	5
225	1
224	3
223	3
222	1
221	3
219	4
218	4
216	2
215	4
214	1
213	3
212	5
211	4
209	2
208	3
207	2
206	4
205	2
203	2
202	2
201	2
200	1
199	1
198	2
196	4
195	1
194	4
193	7
192	1
191	2
190	5
188	5
187	6
186	5
185	1
184	3
183	4
182	1
181	3
180	1
179	2
178	2
177	4
176	4
175	3
174	4
173	4
172	7
171	3
170	1
169	4
168	1
167	1
166	5
165	6
164	3
163	3
162	5
161	2
160	4
159	1
158	2
157	2
156	1
155	4
154	1
153	3
152	1
151	1
150	2
149	1
148	2
147	1
146	1
145	3
144	1
143	1
142	2
141	5
140	2
139	2
138	3
137	2
136	3
135	2
134	3
133	4
132	3
131	4
130	4
129	3
128	3
127	2
126	1
125	4
123	2
122	4
121	3
120	1
118	4
117	3
116	1
115	2
114	3
113	5
112	2
111	3
110	4
109	1
108	2
107	5
106	2
105	2
104	3
103	1
102	4
101	2
100	2
99	2
98	5
97	1
96	2
95	2
94	2
93	1
92	2
91	2
90	3
89	1
88	2
87	2
86	2
85	1
84	2
83	4
82	3
81	2
80	7
