141
400
320	3
317	3
315	1
314	1
310	2
309	1
307	2
306	1
304	2
303	1
302	1
298	1
297	2
296	1
295	2
294	2
292	3
288	2
287	2
284	2
281	1
278	1
276	1
275	1
274	1
271	3
268	1
267	2
266	2
263	1
262	1
261	1
259	1
258	1
257	2
254	2
253	1
252	1
249	1
246	1
244	1
243	2
242	1
241	1
240	1
239	1
236	1
235	2
234	1
233	3
232	1
231	1
228	1
227	1
226	2
225	2
223	1
222	1
221	1
219	1
218	1
215	1
214	1
210	3
209	2
208	2
207	1
205	2
204	2
203	1
202	1
201	1
200	1
199	1
195	3
193	2
190	4
189	3
188	2
187	2
184	2
183	1
182	2
180	1
174	1
173	2
169	1
166	1
164	1
160	1
159	1
158	1
157	2
155	1
151	1
150	2
149	1
148	1
146	1
145	1
143	1
142	1
141	3
140	1
139	2
137	1
136	1
134	1
131	2
130	1
128	1
126	2
125	1
124	2
123	1
121	1
120	1
117	1
116	1
115	1
113	2
112	1
111	1
110	1
109	1
108	1
107	2
106	1
102	1
99	2
98	1
97	1
95	1
94	3
93	1
92	1
88	1
86	1
83	1
82	1
80	1
