480
1000
700	1
699	1
698	1
695	2
694	2
693	6
692	1
690	2
689	6
688	1
687	2
686	2
685	2
684	1
683	2
680	1
678	3
677	1
676	2
675	3
674	3
673	1
672	5
671	2
670	2
669	1
668	3
666	1
665	3
664	1
662	3
660	2
659	2
657	2
656	2
655	2
654	3
653	1
651	2
650	1
649	1
648	1
647	1
646	1
645	3
644	2
643	1
642	1
641	1
640	2
639	2
638	3
637	3
636	1
633	4
632	3
631	1
630	2
629	3
628	1
627	1
626	3
624	1
623	2
622	1
620	4
619	1
618	2
616	1
615	1
614	1
612	2
611	1
610	3
608	2
607	2
606	2
604	1
602	1
601	3
600	3
598	1
597	2
595	1
593	2
592	1
590	1
589	1
588	2
587	1
586	1
585	2
584	3
583	3
582	2
581	1
580	1
577	2
576	1
575	1
574	1
573	2
572	2
571	3
570	1
569	3
568	1
567	2
564	1
563	3
562	1
561	3
558	3
557	2
556	4
554	2
552	1
551	2
550	3
549	2
548	2
547	3
546	3
543	3
542	1
541	3
540	1
539	1
538	1
536	6
535	2
534	4
533	1
531	1
530	1
529	1
528	2
527	1
526	1
525	1
524	1
523	1
522	2
521	6
520	4
519	3
516	2
515	1
513	2
512	3
511	2
509	2
508	2
507	1
506	1
505	3
503	1
502	1
501	3
500	2
498	3
497	1
496	2
495	3
494	4
493	1
490	3
489	1
488	3
487	4
485	1
483	2
482	3
481	2
479	2
478	3
477	2
476	1
475	1
474	3
473	2
472	4
471	1
470	5
469	2
468	3
467	4
466	2
465	3
464	4
462	1
459	2
458	2
457	1
456	1
455	2
454	4
453	2
452	2
451	2
450	2
449	3
448	1
447	2
446	1
445	2
444	1
443	1
442	1
440	1
439	2
438	2
437	2
436	1
434	1
433	3
432	1
430	2
429	1
428	2
427	2
426	6
425	1
424	2
421	3
419	1
418	3
417	1
415	4
413	2
412	5
411	1
410	1
409	2
407	1
406	4
405	2
404	3
403	1
402	2
401	3
400	2
399	1
398	6
397	4
394	2
393	1
392	2
390	1
389	2
388	3
387	6
385	1
384	2
383	1
382	2
380	1
379	1
378	2
376	1
374	2
373	2
372	2
371	2
370	1
369	3
368	6
367	1
366	3
365	1
363	2
362	5
361	3
360	2
359	1
358	2
357	1
356	3
353	1
352	1
351	2
350	3
349	2
347	2
345	1
344	2
343	2
341	1
340	2
338	2
337	2
336	1
335	2
334	3
333	4
332	2
330	3
329	2
328	2
327	1
326	2
325	5
324	1
323	1
322	2
320	5
319	4
317	2
315	1
314	2
313	2
312	3
310	1
309	1
307	1
306	1
305	1
303	3
302	2
301	2
297	1
296	2
295	3
294	2
292	2
291	1
290	2
289	1
288	2
287	1
285	2
283	2
281	2
280	5
279	2
278	1
277	1
276	2
274	6
273	3
272	1
271	1
270	1
269	1
268	1
267	4
266	2
265	2
263	2
262	1
261	3
260	2
259	2
258	1
255	2
254	3
253	3
252	1
250	2
249	3
248	1
247	1
245	2
244	4
243	2
241	1
240	2
238	3
237	3
236	1
235	3
233	4
232	3
231	2
230	2
229	5
227	2
226	6
225	1
223	1
222	2
221	4
220	2
219	1
218	3
217	1
216	2
215	3
214	1
213	2
212	1
211	1
209	3
208	5
206	3
205	2
203	3
202	1
201	5
200	1
198	1
197	4
196	1
195	2
194	1
193	1
192	2
191	1
190	3
189	3
188	2
186	1
185	1
182	1
181	1
180	2
179	2
178	1
177	2
176	4
174	2
173	2
171	3
169	3
167	2
166	2
165	3
164	3
163	2
162	4
161	3
159	1
158	1
157	1
156	1
155	5
154	2
152	5
151	2
150	5
149	1
147	2
146	2
143	1
142	1
141	1
140	2
138	2
137	3
136	1
135	2
134	1
133	2
132	2
131	2
129	1
127	2
126	1
124	1
123	2
122	2
119	5
118	3
117	4
116	2
114	1
113	1
112	1
111	5
110	2
109	1
108	1
107	2
106	4
105	3
104	2
103	4
102	2
101	1
100	2
