176
300
240	2
239	2
238	3
237	2
236	2
235	3
234	7
233	2
232	8
231	3
230	4
229	1
228	7
227	4
226	4
225	4
224	4
223	3
222	2
221	8
220	3
219	4
218	4
217	4
216	2
215	2
214	2
213	2
212	6
211	7
209	5
208	2
207	5
206	4
205	5
204	8
203	4
202	3
201	2
200	4
198	6
197	4
196	6
195	6
194	8
193	5
192	9
191	6
190	3
189	8
188	3
187	3
186	1
185	2
184	3
183	4
181	2
180	3
179	3
178	5
177	5
176	7
175	3
174	3
173	4
172	4
171	7
169	2
168	6
167	2
166	6
165	5
164	7
163	3
162	4
161	7
160	5
159	5
158	5
157	4
156	4
155	5
154	6
153	4
152	6
151	3
150	7
149	3
148	6
147	5
146	7
145	2
144	3
143	4
142	5
141	2
140	5
139	5
138	4
137	5
136	3
135	4
134	2
133	5
132	4
131	5
130	3
129	1
128	2
127	10
125	2
124	7
123	2
122	3
121	3
120	2
119	2
118	3
117	5
116	2
115	2
114	2
113	5
112	6
111	3
110	4
109	1
108	4
107	7
106	3
105	2
104	9
103	2
102	7
101	5
100	9
99	7
98	4
97	7
96	5
95	3
94	4
93	2
92	4
91	2
90	7
89	4
88	4
87	8
86	6
85	3
84	2
83	3
82	1
81	3
80	4
79	5
78	1
77	7
76	4
75	5
74	5
73	4
72	5
71	2
70	4
69	3
68	5
67	3
66	4
65	6
64	5
63	12
62	5
61	5
60	8
