243
750
525	1
523	1
521	3
520	1
519	3
517	1
513	2
512	1
509	1
508	2
507	2
506	4
505	1
504	1
503	1
502	3
501	3
500	1
497	1
496	3
495	1
494	1
493	1
491	4
490	1
486	2
483	1
482	1
480	2
479	2
478	3
476	2
472	1
469	1
468	2
467	1
466	5
465	2
464	1
463	1
462	1
460	1
458	2
457	1
456	2
455	2
454	1
452	2
450	2
449	1
448	1
446	2
445	2
444	1
443	2
440	2
438	1
436	3
435	1
434	1
433	1
432	1
431	1
430	2
429	2
426	1
425	1
424	1
423	1
421	3
420	2
419	2
417	1
414	1
409	2
406	1
405	1
404	1
403	1
402	1
401	4
400	1
399	1
398	1
397	2
396	1
395	1
394	1
393	1
391	2
390	1
389	3
388	1
386	1
385	4
384	2
383	1
381	2
380	1
379	3
378	3
377	4
376	1
375	1
373	1
371	2
369	1
368	1
367	2
366	1
364	1
362	1
360	1
359	2
358	1
357	2
356	2
355	2
353	1
350	1
349	1
348	2
345	1
344	1
343	1
340	3
336	1
334	1
333	2
332	4
330	1
329	1
327	1
325	2
324	1
323	1
320	1
317	1
316	1
313	2
312	1
311	1
308	1
306	2
303	4
301	1
299	2
297	1
296	1
294	1
293	1
292	1
290	3
289	2
288	2
287	4
286	1
285	1
283	1
281	1
280	2
278	3
276	3
275	2
274	1
273	3
271	2
270	1
269	2
267	1
266	1
265	1
264	1
263	1
261	1
259	1
258	2
256	1
255	1
254	2
253	1
252	1
251	1
250	1
248	1
246	2
245	1
244	2
243	1
239	1
238	2
237	1
236	2
235	4
230	1
229	1
228	1
225	4
223	3
222	1
221	3
220	5
219	1
217	1
215	3
214	1
211	3
210	1
208	1
207	2
206	1
202	1
201	2
200	1
198	1
197	1
196	1
195	1
194	2
193	1
190	2
189	4
188	1
185	2
183	4
182	3
178	2
174	3
173	2
172	1
169	2
167	3
165	1
163	2
162	3
161	2
159	1
157	2
156	2
155	2
153	1
152	2
151	1
