118
200
160	4
159	5
158	2
157	5
156	2
155	3
154	4
153	4
152	4
151	3
150	1
149	3
148	2
147	1
143	2
142	5
140	3
138	1
137	1
135	2
134	3
133	5
132	2
130	3
129	1
128	1
126	4
125	4
124	3
123	4
121	3
120	4
119	2
118	2
117	2
116	1
115	1
114	2
113	3
112	3
110	1
109	3
108	1
107	1
106	2
105	2
104	2
103	4
102	3
101	5
100	2
99	2
98	1
97	3
96	3
95	2
94	4
92	1
91	2
90	2
89	4
88	1
87	1
86	1
85	5
84	2
82	2
81	2
80	1
79	2
78	3
77	2
76	3
75	2
74	2
72	1
70	5
69	1
67	7
66	1
65	3
64	5
63	2
62	1
60	1
59	4
58	2
56	1
55	3
54	6
53	4
52	4
51	1
49	4
48	2
47	2
46	1
44	4
43	2
41	1
40	5
39	1
38	3
36	1
34	6
33	1
32	1
31	2
29	2
28	1
27	2
26	4
25	4
24	1
23	3
22	2
21	2
20	2
