236
400
320	1
319	3
317	4
316	1
315	4
314	2
312	2
311	3
310	1
309	5
308	3
307	2
306	2
305	2
304	2
303	2
302	1
301	3
300	2
299	3
298	1
297	2
296	2
295	2
293	3
292	2
289	1
288	1
287	1
286	2
285	1
284	3
283	1
282	3
280	3
279	2
278	1
277	1
276	1
275	3
274	4
273	2
272	2
271	1
270	1
269	3
268	1
266	2
265	2
263	1
262	2
261	2
260	1
258	4
257	2
256	3
255	1
253	2
252	1
251	2
250	1
248	4
246	2
245	1
244	1
243	3
240	4
239	2
238	2
237	2
236	1
235	1
234	2
232	2
230	2
229	1
228	1
226	2
225	4
224	2
223	1
222	3
220	4
219	1
218	2
217	2
216	1
215	2
214	1
213	1
212	1
211	1
210	1
209	3
208	2
207	3
206	2
205	2
203	2
202	1
201	1
200	3
198	1
197	2
196	1
194	1
193	1
192	2
190	2
189	1
188	2
187	2
186	1
185	2
183	1
182	1
181	1
179	2
178	1
177	2
176	2
175	4
174	3
173	2
172	1
171	2
170	1
169	4
168	1
167	1
166	3
165	4
164	3
163	4
162	3
161	2
160	1
159	2
158	1
157	3
155	4
154	2
152	1
151	1
149	1
148	4
147	3
146	2
145	2
144	1
143	2
142	1
140	3
139	3
138	2
137	3
136	2
135	1
134	3
133	5
132	3
131	4
130	4
129	3
128	4
127	3
126	1
125	6
124	1
123	1
122	3
121	1
120	4
118	2
115	2
114	2
113	1
112	3
111	2
109	3
107	2
106	2
105	1
104	1
103	3
102	2
101	3
100	3
99	2
98	2
97	2
96	2
95	4
94	2
93	3
92	4
91	1
90	1
88	1
86	1
85	1
84	5
82	3
81	1
80	2
79	2
78	2
77	1
75	1
74	3
72	2
68	4
67	4
66	1
65	1
64	2
63	2
62	4
61	3
58	2
57	3
56	1
55	1
54	2
53	2
52	4
51	2
50	4
49	4
48	3
46	1
45	3
44	1
43	1
42	2
40	3
