319
750
525	2
524	3
523	1
522	4
521	1
520	1
519	2
518	1
517	2
516	3
515	2
514	3
513	1
512	1
509	2
508	3
507	3
505	2
504	5
503	1
502	3
501	4
499	3
498	1
497	3
496	1
495	2
493	1
492	2
491	3
490	4
489	2
488	1
487	4
486	4
485	2
484	1
483	4
482	1
481	2
480	3
479	2
478	1
477	2
476	2
475	3
473	3
470	3
465	4
464	3
463	1
462	2
461	2
459	2
458	2
456	4
455	2
451	1
448	2
447	2
446	2
445	3
444	1
443	5
442	2
441	3
440	1
439	1
438	1
437	3
436	3
435	3
434	2
432	2
431	3
430	1
429	1
428	1
427	2
425	2
424	1
423	5
422	2
420	2
419	4
418	3
417	4
415	6
414	2
413	2
412	1
410	2
409	2
408	7
407	3
406	1
405	3
404	2
402	2
401	1
400	3
399	2
398	3
397	2
396	5
395	2
394	2
393	1
392	1
391	3
390	4
389	1
388	3
386	4
385	1
384	2
383	3
382	2
381	3
380	5
379	3
378	2
377	3
376	1
375	2
374	8
373	4
372	1
371	1
370	2
369	3
368	1
366	1
365	4
364	2
363	4
362	3
361	6
360	3
359	1
358	2
357	1
356	3
355	5
354	4
353	1
352	5
351	2
350	5
349	2
348	1
347	2
345	3
344	2
343	4
342	1
341	1
340	1
339	1
338	2
337	1
336	2
335	3
334	1
333	1
332	3
331	2
330	1
328	2
327	4
326	2
325	1
322	3
321	3
319	1
318	1
316	2
315	3
314	1
313	1
312	1
311	2
310	4
309	4
308	2
307	1
306	3
305	2
304	3
302	3
301	1
300	3
299	5
297	1
295	1
294	2
293	6
292	1
291	4
290	1
289	2
287	1
286	1
285	5
284	1
283	1
281	1
280	2
279	3
278	2
277	5
275	2
274	1
272	1
271	1
270	2
268	2
267	1
266	3
265	2
264	1
263	6
262	1
261	1
260	3
259	1
258	2
255	3
254	2
253	1
251	2
250	2
249	4
248	5
247	2
246	1
245	1
244	1
243	2
242	1
241	5
240	1
237	4
236	2
234	1
233	4
232	3
231	2
230	1
228	3
227	1
226	2
225	1
224	2
223	2
222	2
221	5
220	2
219	1
218	2
217	1
216	2
215	1
213	4
212	1
211	1
210	1
209	1
208	6
207	3
206	3
205	7
204	3
203	3
201	2
200	6
199	5
198	1
197	1
195	1
194	1
193	2
192	6
191	1
190	1
189	2
188	3
187	2
186	5
185	1
184	2
182	1
181	5
180	3
179	1
177	1
176	3
174	1
173	9
172	3
171	2
170	2
169	3
168	2
167	1
166	1
165	1
163	4
162	1
161	4
160	3
159	4
158	1
157	1
156	1
155	3
154	4
152	1
151	1
