115
200
160	4
158	4
157	5
156	2
155	3
154	6
153	1
152	2
151	1
150	5
149	4
148	4
147	3
146	6
145	3
144	2
143	3
142	7
141	7
140	9
139	5
138	3
137	5
136	3
135	4
134	4
133	5
132	5
131	1
130	1
129	3
128	4
127	1
126	3
125	3
124	2
123	4
122	3
121	3
120	1
119	5
118	2
117	2
116	2
115	5
114	3
113	2
112	2
111	3
110	2
109	2
108	2
107	1
106	6
105	4
104	4
103	4
102	8
101	3
100	2
99	2
98	4
97	4
96	5
95	3
94	2
93	4
92	3
91	1
90	2
89	4
88	6
87	5
85	6
84	4
83	3
82	1
81	6
80	1
79	4
78	3
77	5
76	2
75	6
74	2
73	1
72	2
71	3
70	4
68	5
67	3
66	3
65	5
64	3
63	2
62	3
61	3
60	2
59	8
58	4
57	4
56	4
55	4
53	2
52	1
51	7
50	2
49	3
48	4
47	5
46	2
45	5
42	4
41	3
40	3
