356
1000
797	1
794	2
791	2
788	1
787	1
786	1
785	1
784	1
782	1
781	1
780	1
779	1
778	2
777	3
774	1
771	1
769	2
766	2
765	1
764	1
760	1
759	1
757	1
756	1
755	1
751	2
750	1
747	1
745	1
740	1
739	1
737	2
736	2
733	1
732	1
731	1
730	1
728	2
727	2
726	2
725	1
724	2
723	5
722	1
720	2
719	1
718	1
717	1
716	1
715	1
714	2
713	3
712	2
711	2
709	1
706	1
705	1
704	1
703	1
702	1
699	1
695	1
694	1
692	2
688	1
683	1
681	1
679	3
678	1
675	1
673	5
670	1
669	1
668	2
667	1
666	1
664	1
663	5
662	1
659	1
658	2
657	1
654	2
650	1
647	1
645	2
644	1
642	2
641	1
640	1
639	1
638	2
637	2
635	1
633	1
630	2
629	1
628	1
627	1
625	1
624	1
623	2
622	2
621	2
618	1
617	2
615	1
614	2
613	2
612	2
610	1
605	2
602	1
601	1
595	1
593	2
591	1
587	1
586	2
584	1
582	1
581	2
580	1
579	2
575	2
572	1
571	1
570	1
569	2
568	1
567	1
566	2
564	1
557	2
556	1
554	3
553	1
552	2
550	1
549	2
548	2
545	1
544	1
543	1
540	2
539	1
538	1
534	1
533	2
532	2
531	1
523	2
519	1
517	1
516	1
514	1
513	1
511	1
506	1
504	1
502	1
497	2
495	1
494	2
493	2
492	1
490	1
483	2
482	2
481	1
480	1
478	1
477	1
476	1
472	1
471	2
470	1
468	1
466	2
465	2
464	1
463	1
460	1
459	1
458	1
455	1
450	1
449	2
447	2
446	2
445	4
444	1
443	1
442	1
438	1
437	1
436	2
432	2
431	1
427	2
425	1
423	1
421	1
417	1
416	3
414	1
413	2
406	1
404	1
402	2
401	1
399	1
397	2
393	2
392	1
387	1
383	1
382	2
378	1
377	1
371	1
370	4
367	2
366	1
363	2
358	1
354	3
353	1
352	1
351	1
350	1
348	1
347	1
346	1
345	1
342	1
340	1
337	2
336	1
334	1
333	1
332	1
331	3
330	1
329	1
325	2
322	1
318	1
317	2
316	2
312	1
308	2
307	1
306	2
302	2
301	1
300	1
298	2
297	1
296	2
291	1
288	1
286	1
284	1
280	1
276	2
275	3
274	2
272	1
269	2
265	1
263	1
261	1
260	1
258	1
257	1
256	3
254	1
250	1
249	3
248	1
245	1
244	1
241	1
237	2
235	1
233	1
231	1
225	1
224	1
223	2
222	1
221	3
220	2
219	1
215	1
212	1
211	1
210	2
209	1
207	1
205	1
204	1
203	2
200	2
199	1
198	1
196	2
195	2
194	1
193	1
192	1
190	1
189	2
186	2
181	1
179	1
178	2
176	1
174	1
173	1
172	1
168	2
163	2
162	1
159	1
158	2
155	1
153	3
152	1
150	2
147	1
145	1
143	1
140	1
139	1
138	1
136	1
135	1
134	1
131	1
130	2
129	1
126	1
124	2
123	2
115	1
112	1
111	2
108	1
107	2
106	2
105	1
103	1
102	1
100	1
