121
200
160	6
159	6
158	11
157	6
156	4
155	4
154	1
153	5
152	9
151	4
150	3
149	4
148	12
147	11
146	5
145	5
144	6
143	10
142	6
141	3
140	6
139	5
138	6
137	8
136	12
135	6
134	6
133	10
132	6
131	7
130	8
129	10
128	9
127	1
126	7
125	4
124	2
123	6
122	6
121	11
120	7
119	6
118	4
117	5
116	5
115	7
114	6
113	5
112	7
111	3
110	9
109	6
108	5
107	9
106	11
105	5
104	6
103	6
102	9
101	5
100	6
99	5
98	8
97	6
96	4
95	12
94	4
93	2
92	9
91	10
90	4
89	8
88	4
87	7
86	5
85	6
84	4
83	4
82	4
81	3
80	7
79	8
78	4
77	6
76	6
75	4
74	4
73	5
72	10
71	6
70	1
69	13
68	4
67	4
66	5
65	5
64	2
63	6
62	6
61	9
60	5
59	4
58	10
57	4
56	5
55	6
54	4
53	7
52	6
51	2
50	3
49	7
48	6
47	8
46	6
45	4
44	8
43	14
42	6
41	10
40	12
