94
1000
699	1
694	1
691	1
689	2
677	1
671	1
663	1
662	1
659	1
654	1
647	1
638	1
630	1
624	1
617	1
616	1
614	1
609	1
596	1
594	1
593	1
579	1
568	1
537	1
523	1
513	1
505	1
501	1
499	1
497	1
481	1
468	1
464	1
444	1
440	1
424	1
415	1
398	1
394	1
393	1
384	1
383	1
382	1
378	1
375	2
373	2
366	1
364	1
361	1
344	1
339	1
331	1
325	1
320	1
303	2
301	2
297	1
292	1
286	1
278	1
274	1
273	2
267	1
264	1
263	1
258	1
241	1
238	1
222	1
217	1
207	1
204	1
203	1
199	1
183	1
175	1
173	1
162	1
154	1
145	1
136	1
135	1
134	1
129	1
127	1
120	1
119	1
117	1
113	1
112	1
110	1
109	1
108	1
106	1
