204
750
525	1
524	1
522	2
520	1
515	1
512	1
509	1
508	2
507	1
504	1
502	1
499	2
496	3
495	1
494	2
488	1
487	1
486	2
485	1
484	2
483	1
481	1
479	1
474	1
472	3
471	1
470	1
469	1
468	1
467	3
465	2
464	1
462	1
459	1
458	2
454	1
453	1
451	2
450	1
449	1
448	2
442	1
441	1
440	1
439	1
434	3
431	2
430	2
425	2
423	1
421	1
419	3
418	2
417	2
414	1
413	2
411	1
410	4
407	2
405	3
403	2
402	1
399	1
397	1
395	1
394	2
393	2
388	1
385	1
384	1
382	2
381	2
380	1
377	2
376	1
374	1
372	2
371	1
369	1
368	2
367	2
365	2
364	1
363	1
362	1
360	1
358	1
356	1
355	2
354	1
353	3
352	1
351	1
349	2
348	1
347	1
345	2
339	1
336	1
335	1
334	1
333	1
330	1
328	3
326	1
324	2
319	2
315	1
314	1
312	1
311	1
310	1
307	1
306	1
301	2
298	1
295	1
294	1
293	2
291	2
290	1
286	1
285	1
283	1
281	2
280	1
279	3
278	1
276	1
275	1
274	2
273	1
272	1
271	1
270	2
269	1
268	1
265	1
263	2
262	1
261	2
260	2
259	1
255	2
254	3
252	1
251	2
246	1
245	1
243	2
242	1
241	3
240	1
239	1
233	1
232	1
230	2
228	1
222	1
220	1
219	2
218	1
216	2
215	1
211	1
210	2
209	2
207	2
206	1
205	1
203	3
202	2
201	2
200	4
199	1
198	1
197	1
196	1
195	1
194	1
193	2
189	3
187	2
185	2
180	1
177	1
175	2
174	1
170	1
168	1
167	1
166	3
165	1
164	1
163	1
162	2
161	3
158	1
155	1
154	1
153	3
152	1
151	1
150	2
