148
500
399	1
398	1
396	1
392	2
390	1
387	2
386	1
385	1
384	1
380	1
377	1
375	1
373	1
372	1
370	1
369	2
361	1
359	1
354	2
353	2
350	1
347	1
346	1
345	1
343	1
342	1
336	1
329	1
326	2
324	2
321	1
316	1
313	1
311	2
310	1
308	2
306	1
305	1
302	1
301	2
296	1
295	1
294	3
293	2
290	1
288	1
287	1
285	1
284	1
282	2
281	1
280	1
279	1
277	2
276	1
275	1
268	1
264	2
262	1
261	1
255	2
254	1
253	1
252	1
251	1
246	1
244	2
241	1
238	1
237	1
233	2
232	1
228	1
225	1
220	1
216	2
215	1
211	1
209	2
207	1
205	2
202	2
200	1
198	1
197	4
195	4
193	1
191	1
189	1
186	1
184	2
182	1
181	1
175	2
174	1
172	1
171	1
170	1
169	1
167	1
166	1
163	1
160	1
159	1
157	1
156	1
155	2
154	1
151	1
145	1
142	2
141	2
140	4
136	2
133	2
132	1
130	1
129	1
127	1
122	2
121	1
117	1
115	2
114	1
109	1
107	1
104	1
102	1
101	2
99	2
97	1
96	1
92	1
91	2
89	2
86	1
78	1
75	2
73	2
66	2
61	1
60	2
59	1
58	2
57	1
56	1
54	1
52	3
