95
1000
699	1
689	1
673	1
672	1
668	1
667	1
660	1
642	1
641	2
637	1
634	1
631	1
623	1
612	1
595	1
584	1
581	1
579	1
574	1
563	1
561	1
551	1
540	1
533	1
530	1
529	1
523	1
521	1
520	1
512	1
509	1
508	1
500	1
497	1
494	1
488	1
483	1
481	2
480	1
474	1
467	1
454	1
447	1
443	1
426	1
416	1
411	1
402	1
401	2
396	1
394	1
383	1
375	1
374	1
357	1
353	1
352	1
349	1
343	1
335	1
330	1
329	1
319	1
314	1
310	1
291	1
287	1
285	1
279	1
263	1
261	2
259	1
256	1
252	1
240	1
236	1
225	2
219	1
212	1
208	1
205	1
203	1
202	1
195	1
187	1
185	1
184	1
182	1
180	1
150	1
149	1
135	1
124	1
106	1
104	1
