156
750
525	1
524	1
522	1
521	3
520	2
519	1
515	2
514	1
513	1
509	1
504	1
503	2
499	1
496	2
494	1
490	1
486	1
484	3
482	1
481	1
480	1
478	1
477	1
475	2
468	1
464	1
463	1
462	2
457	1
456	1
455	1
451	1
450	1
447	1
446	1
443	1
439	1
438	1
434	1
433	1
429	1
427	2
425	1
424	1
421	1
419	1
418	1
413	1
412	1
410	1
409	1
408	1
405	1
402	1
401	1
400	1
398	1
395	1
393	1
390	3
389	2
386	1
385	1
381	1
375	1
370	1
368	1
356	2
354	1
353	1
350	2
348	1
347	1
345	1
344	1
340	1
339	1
338	1
336	1
335	1
334	1
333	3
330	1
325	1
322	1
321	1
320	1
317	3
313	2
311	2
302	1
301	1
300	1
299	2
298	2
293	1
292	1
290	1
288	2
283	2
280	1
272	2
271	1
269	2
268	2
263	1
262	1
261	2
256	1
252	1
251	1
249	1
248	1
245	1
241	1
238	2
237	2
233	1
231	1
230	1
229	1
223	2
222	1
220	1
216	1
215	1
214	1
213	1
208	1
207	3
203	3
202	1
199	1
198	1
197	1
195	1
191	1
188	1
186	1
185	2
182	3
181	1
179	1
178	2
177	1
176	2
175	2
173	1
172	1
171	1
162	1
161	1
159	2
153	1
152	1
151	1
