185
300
239	1
238	1
237	1
236	1
235	5
234	2
233	5
232	1
231	1
230	4
229	4
228	1
227	1
226	1
225	1
223	2
222	2
221	4
220	2
218	4
217	2
216	2
215	2
214	3
213	4
212	2
211	1
210	2
209	2
208	2
207	2
206	1
205	2
203	1
202	2
201	1
200	1
199	2
197	1
196	2
195	2
194	2
193	4
192	2
191	2
190	2
189	7
188	2
187	1
186	1
185	1
184	4
183	3
182	3
181	2
180	1
179	4
178	1
177	2
176	1
175	4
174	2
173	1
172	3
171	1
169	3
168	2
166	2
165	2
164	2
163	4
162	2
161	2
160	3
159	4
158	1
157	2
155	2
154	1
153	1
151	6
150	2
149	4
148	4
147	1
146	4
145	1
144	1
143	2
141	1
140	3
138	1
137	1
136	2
135	4
134	1
133	6
132	2
131	1
130	1
129	1
128	2
127	1
126	4
125	3
124	1
123	2
122	1
121	2
120	1
119	4
118	2
117	1
116	1
115	3
114	3
112	2
111	2
110	1
109	1
108	1
107	1
106	3
105	3
104	2
103	3
102	3
101	2
100	1
99	4
97	4
96	1
95	2
94	2
92	2
91	1
90	1
88	1
86	2
85	1
84	1
83	2
82	1
81	3
79	2
78	3
76	2
74	3
73	2
72	3
71	6
70	2
68	2
67	2
66	2
65	3
64	2
63	3
62	3
61	2
58	1
57	2
56	4
55	2
54	4
53	1
52	2
51	3
49	2
48	1
47	1
45	2
44	1
43	4
42	1
41	1
39	1
38	3
37	1
36	2
34	3
33	2
32	2
31	4
30	3
