350
750
525	1
524	5
523	3
522	2
521	3
520	3
518	2
517	4
516	6
514	6
513	4
512	2
511	2
510	3
509	4
508	3
507	3
506	2
505	2
504	3
503	3
502	1
501	3
500	1
499	3
498	1
497	3
496	1
495	4
494	4
492	3
491	2
490	4
489	2
488	2
487	2
486	2
485	6
483	3
482	5
481	1
480	1
479	2
478	2
477	1
476	5
475	5
473	1
472	4
471	1
470	2
469	1
468	3
467	3
466	3
465	3
464	2
463	3
461	4
460	2
459	3
458	2
457	4
455	1
454	2
453	6
452	1
451	4
450	1
449	2
448	2
447	3
446	2
444	6
443	5
442	2
441	1
440	4
439	5
438	3
437	2
436	2
435	4
434	1
433	7
432	2
431	3
429	5
428	5
427	2
425	2
424	1
423	10
422	4
421	3
420	2
419	5
418	2
417	1
416	1
415	2
414	5
413	1
412	1
411	2
410	6
409	2
408	2
407	2
406	3
405	4
404	3
403	2
402	4
401	3
400	3
398	3
396	4
395	3
394	2
393	3
392	3
391	4
390	1
389	2
388	5
387	1
386	3
385	2
384	5
383	4
382	5
381	4
380	2
379	3
378	4
377	6
376	5
375	3
374	3
373	1
372	2
371	4
370	2
369	2
368	8
367	2
365	2
364	7
363	2
362	1
361	2
360	3
359	2
358	3
357	2
356	5
355	3
354	5
352	3
351	6
350	2
349	1
348	2
347	4
346	3
345	3
344	1
343	1
342	3
341	3
340	2
339	3
338	4
337	3
335	2
334	3
333	3
332	4
331	4
330	5
329	3
328	1
327	1
326	1
325	2
324	2
323	3
321	2
320	4
319	3
318	1
317	1
316	5
315	2
314	2
313	3
312	2
310	1
309	2
308	4
307	2
306	2
305	2
304	5
303	2
302	4
301	4
300	5
299	5
298	1
297	4
296	5
295	1
294	5
293	1
292	5
291	3
289	2
287	2
286	2
285	2
284	3
283	6
282	1
281	4
280	2
279	5
278	3
277	1
276	2
275	3
274	2
273	3
272	3
271	3
270	3
269	4
267	2
266	2
265	3
264	2
263	5
262	3
261	1
260	2
259	3
258	2
257	1
256	1
255	4
254	4
253	3
252	1
251	3
249	2
248	3
247	3
246	1
245	3
244	1
243	1
242	2
241	2
240	5
239	2
238	2
237	1
236	2
235	2
234	4
233	3
232	5
231	5
230	2
229	1
228	7
227	4
226	1
225	5
224	2
223	6
222	2
221	1
220	5
219	3
218	3
217	2
216	1
215	4
214	3
213	1
212	3
210	1
209	2
208	5
206	4
205	1
204	5
203	3
202	1
201	2
200	3
199	2
197	5
196	2
195	2
194	1
193	2
192	2
191	4
190	2
189	5
188	3
187	5
186	5
185	4
184	4
183	4
182	2
181	2
180	3
179	1
178	1
177	2
176	1
175	3
174	3
173	1
172	4
171	2
170	3
169	2
168	1
167	3
166	2
165	7
164	2
163	4
161	3
160	6
159	4
158	1
157	2
156	2
155	1
154	2
153	2
152	4
150	3
