135
200
160	2
159	3
158	1
157	2
156	4
155	1
154	2
153	1
152	3
151	4
150	4
149	4
148	1
147	1
146	3
145	2
144	3
143	5
142	2
141	3
140	2
139	3
138	5
137	2
136	3
134	2
133	3
132	1
131	3
130	1
129	3
128	5
127	3
126	3
125	2
124	4
123	3
122	4
121	5
120	2
119	1
118	1
117	6
116	4
115	6
114	2
113	4
112	1
111	4
110	3
109	2
108	4
107	3
106	2
105	2
104	6
103	7
102	1
101	3
100	1
99	3
98	3
96	2
95	4
94	4
93	3
92	3
91	1
90	3
89	5
88	5
86	3
85	7
84	1
83	1
82	2
81	5
80	1
79	3
78	3
77	3
75	5
74	2
73	2
72	3
71	2
70	8
69	1
68	2
67	3
66	3
65	4
64	3
63	2
62	1
61	4
60	6
59	3
58	2
57	1
55	5
54	2
53	2
52	4
51	3
50	2
49	3
48	7
47	4
45	4
44	2
43	5
42	2
41	2
40	3
39	3
38	4
37	1
36	3
35	1
34	3
33	2
32	4
31	3
30	2
29	3
28	1
27	1
26	5
25	1
24	3
23	5
22	1
21	7
20	2
