277
750
525	1
524	2
523	1
522	1
521	1
520	1
519	2
518	2
517	1
516	1
515	1
514	3
513	1
512	3
511	4
510	1
509	2
508	3
507	4
505	2
504	2
503	3
501	2
499	2
498	4
497	2
496	4
495	2
493	2
490	2
489	1
488	2
487	1
486	1
484	1
483	4
481	1
479	1
478	2
477	2
475	1
474	3
473	3
472	2
469	1
468	1
466	1
465	3
462	1
461	2
459	1
458	1
457	5
456	1
454	1
453	2
452	4
451	5
450	2
449	3
448	2
447	1
446	2
445	2
444	1
443	1
442	1
440	2
439	1
436	2
432	1
430	3
429	2
428	1
427	1
426	1
424	1
423	2
421	1
420	1
418	3
417	1
413	1
412	1
410	4
408	3
407	1
406	2
405	1
404	1
403	2
401	1
400	2
398	2
396	3
395	1
394	2
393	3
392	2
390	2
387	3
386	2
385	3
381	1
380	2
379	2
377	2
376	1
375	2
373	1
370	1
369	1
365	2
361	1
360	2
359	1
358	1
357	1
356	3
355	3
354	2
353	3
352	3
351	2
350	1
349	1
348	1
347	2
346	1
345	3
344	1
343	1
342	1
341	1
340	3
339	2
338	1
337	2
336	2
333	4
332	1
331	1
330	3
329	1
328	2
327	1
326	2
325	4
323	1
322	1
321	2
320	1
319	1
318	4
317	3
316	2
314	1
313	2
312	2
311	3
310	4
309	2
307	1
306	1
304	2
303	2
301	1
300	2
299	1
298	2
293	1
292	1
291	4
289	1
286	2
285	1
284	1
283	1
282	2
281	2
280	1
278	1
277	2
275	1
274	1
273	2
272	1
271	2
270	2
269	1
268	2
267	2
266	3
265	1
264	1
263	1
262	1
260	1
259	1
257	2
255	3
254	2
252	2
251	4
250	2
249	2
246	2
245	1
244	3
243	1
242	1
241	2
240	1
238	2
237	2
236	3
235	3
234	2
232	2
231	2
228	1
227	1
226	1
225	2
224	2
223	1
222	3
221	1
219	1
216	2
214	1
211	2
210	1
209	1
207	1
206	1
205	1
204	1
202	2
201	4
200	1
199	4
198	2
197	2
196	2
195	1
193	1
192	4
190	2
188	2
187	1
186	1
185	1
184	1
182	2
181	1
180	3
178	1
177	1
176	2
175	1
174	2
173	3
170	3
167	2
166	1
165	2
164	3
163	1
160	1
159	3
158	3
156	2
154	2
153	1
152	1
151	1
