103
150
120	2
119	3
118	5
117	4
116	1
115	3
114	3
113	2
112	4
111	2
110	5
109	2
108	3
107	2
106	1
105	2
104	2
103	2
102	1
101	5
100	4
99	4
97	3
96	4
95	1
94	3
93	2
92	6
91	1
90	5
89	3
88	5
87	5
86	1
85	5
84	3
83	2
82	5
81	1
80	2
79	4
78	7
77	2
76	1
75	3
74	2
73	5
72	2
71	4
70	4
69	3
68	4
67	3
66	5
65	3
64	5
63	2
62	2
61	2
60	4
59	3
58	4
57	2
56	3
55	3
54	1
53	1
52	3
51	4
50	2
49	4
48	3
47	1
46	5
45	1
44	5
43	4
42	2
41	2
40	3
39	4
38	1
37	2
36	4
35	2
34	2
33	4
32	3
30	1
28	1
27	1
26	3
25	3
24	3
23	7
22	6
21	2
20	1
19	2
18	1
17	2
16	1
15	2
