93
200
140	6
138	1
137	6
136	4
135	2
134	4
132	4
131	7
130	4
129	4
128	2
127	3
126	2
125	2
124	4
123	5
122	3
121	7
120	1
119	1
118	4
117	3
116	2
115	2
114	4
113	2
112	2
111	8
110	1
109	4
107	3
106	2
105	3
104	3
103	2
102	3
101	2
100	2
99	3
97	5
96	1
95	2
94	2
93	4
92	7
91	2
90	3
89	2
87	4
86	4
85	1
84	1
83	5
81	2
80	3
79	7
78	5
77	4
76	5
75	2
74	3
73	2
72	3
71	4
70	3
69	1
68	5
67	5
66	7
65	6
63	2
62	3
61	3
60	5
59	1
58	1
57	2
56	4
55	1
54	2
53	2
52	5
51	3
50	1
49	4
48	4
47	2
46	5
45	3
44	2
43	2
42	5
41	1
