214
750
525	2
523	2
522	1
521	1
519	1
512	1
510	1
509	1
508	1
507	1
505	1
503	1
500	1
499	1
498	2
497	3
495	2
494	1
491	2
490	1
488	1
483	2
482	1
479	1
478	1
477	2
476	1
475	2
473	1
472	2
471	1
470	1
465	1
463	2
455	2
454	2
453	1
450	1
446	1
441	1
440	1
439	5
433	1
431	2
429	1
428	1
424	3
421	2
420	1
419	2
418	2
414	1
409	1
407	2
406	3
405	2
403	1
402	2
401	1
394	1
393	1
392	1
391	1
390	1
388	2
387	1
386	2
385	1
382	2
380	1
379	1
378	1
377	1
375	2
371	1
370	1
369	1
368	2
367	1
365	2
361	1
360	1
359	1
358	1
357	2
356	3
355	1
354	1
352	1
350	1
347	2
345	1
344	1
343	1
342	1
341	1
339	1
335	1
334	1
332	1
331	1
330	1
329	1
327	1
326	1
325	1
324	1
323	3
322	1
319	1
318	1
317	1
312	1
311	2
310	1
308	2
307	1
306	2
305	3
301	1
299	1
298	1
297	1
290	2
289	3
287	1
283	1
282	1
279	1
275	1
273	2
272	1
270	1
269	4
264	2
263	2
261	1
259	3
258	1
255	1
253	2
251	1
246	1
245	1
244	2
243	2
242	1
240	1
236	3
234	1
230	1
226	2
222	1
219	2
217	1
216	1
214	1
213	2
212	1
210	1
203	1
202	1
194	1
193	1
192	2
191	2
190	2
187	1
186	1
184	2
182	3
181	1
180	1
179	2
178	1
177	1
175	1
170	1
169	1
164	1
154	1
151	2
146	1
140	2
138	1
137	1
135	2
132	4
131	1
126	1
124	1
123	2
119	1
117	2
115	1
114	2
113	2
111	1
105	1
104	1
103	1
102	1
101	2
100	1
99	1
97	1
96	1
92	1
91	2
89	1
84	1
82	2
80	2
76	1
