125
200
159	1
158	3
157	2
156	4
155	3
154	4
153	1
152	2
151	2
150	3
149	3
148	3
147	1
146	2
145	2
144	4
143	1
142	3
141	3
140	1
139	1
138	3
137	1
136	1
135	1
134	2
133	3
132	3
131	2
130	1
129	1
128	1
127	3
126	1
125	2
124	4
123	3
122	2
121	1
120	4
119	1
118	3
117	3
115	2
114	3
113	3
112	1
110	4
109	3
108	3
107	1
105	2
104	4
103	3
102	3
101	1
100	2
98	4
96	1
94	3
93	3
92	2
91	4
90	3
88	4
86	4
85	7
84	3
83	4
82	1
80	3
78	3
77	3
76	3
75	5
73	3
72	3
71	2
70	2
69	3
68	1
67	5
66	4
64	2
63	5
62	2
61	1
60	1
59	2
58	1
57	2
56	2
55	1
54	1
53	2
52	1
51	2
50	5
49	2
48	4
47	3
46	1
45	1
44	2
43	3
42	1
41	1
40	1
39	2
38	3
37	1
36	2
35	2
34	4
33	3
32	3
31	4
30	4
29	2
28	1
26	2
24	1
23	2
22	1
21	1
