147
400
319	1
317	2
316	3
315	1
314	1
309	1
306	1
305	2
304	1
303	2
302	2
300	1
298	1
297	2
295	2
292	1
291	3
288	1
287	1
286	2
284	3
283	1
282	1
281	1
280	1
279	1
277	1
275	1
274	2
269	1
264	1
263	1
256	1
254	3
251	1
250	1
246	2
245	1
243	1
242	2
241	1
240	1
239	2
238	1
237	1
236	1
234	2
233	2
231	1
227	2
226	1
225	1
224	1
223	1
222	2
221	3
220	2
219	1
217	3
214	1
212	1
210	1
209	1
208	1
206	3
205	1
204	1
201	1
198	1
196	2
191	1
187	2
184	1
182	2
179	2
178	1
176	2
174	1
173	1
171	1
168	1
167	3
165	1
163	2
161	1
158	1
156	1
154	2
153	1
152	1
151	2
149	3
148	2
142	1
141	1
139	2
137	2
136	1
135	1
131	1
130	1
128	1
126	1
125	3
124	1
123	1
122	1
120	2
119	1
118	1
117	1
116	1
112	1
110	1
108	1
107	1
105	1
104	1
100	1
96	1
95	1
94	1
92	2
90	1
89	1
87	1
85	2
84	1
82	1
76	2
70	1
68	1
67	1
65	1
62	1
60	1
57	1
56	2
55	1
53	1
49	1
48	1
46	1
44	2
43	1
42	1
40	1
