174
300
240	2
239	4
238	3
237	7
236	3
235	2
234	2
233	4
232	5
231	5
230	3
228	5
227	3
226	3
225	2
224	1
223	2
222	3
221	4
220	2
219	1
218	2
217	1
215	3
214	2
213	4
212	2
211	3
210	5
209	2
208	4
207	4
206	1
205	5
204	3
203	6
202	3
201	3
200	1
199	6
198	1
197	4
196	2
195	3
194	1
193	2
192	4
191	4
190	4
189	3
188	3
187	3
186	1
185	2
184	1
183	2
182	3
181	2
180	3
179	3
178	1
177	2
175	2
174	4
173	2
172	2
171	2
170	3
169	6
168	2
167	2
166	1
165	4
164	1
163	2
162	4
161	2
160	2
159	4
158	5
157	4
156	4
155	2
154	6
153	2
152	2
151	2
150	3
149	3
147	1
146	4
145	1
144	2
143	3
142	3
141	2
140	1
139	2
138	4
137	5
136	1
135	2
134	3
133	3
132	4
131	4
130	1
129	4
128	3
127	3
126	3
125	2
124	2
123	3
122	3
121	3
120	4
119	2
118	4
117	1
116	1
115	4
114	4
113	2
112	2
111	2
110	5
108	1
107	2
106	3
105	1
104	4
103	3
102	2
101	4
100	1
99	4
98	5
97	1
96	1
95	5
94	3
93	3
91	6
90	1
89	1
88	1
87	2
86	3
85	3
84	5
83	2
82	1
81	3
80	4
79	3
78	3
77	4
76	3
75	1
74	6
73	3
72	2
71	3
70	2
69	3
68	5
67	8
66	2
65	3
64	6
63	1
62	3
60	3
