192
500
349	1
348	1
346	2
344	1
339	1
338	1
337	1
336	1
335	1
334	1
331	1
330	2
328	1
327	1
326	2
325	2
323	1
322	1
319	2
318	1
317	2
316	3
315	3
314	4
313	2
311	1
310	2
309	2
307	1
305	1
303	1
302	2
301	1
299	1
298	2
297	3
296	3
295	1
294	2
293	1
291	1
290	1
289	1
288	1
286	2
284	2
282	1
281	1
280	2
279	4
278	2
274	2
273	3
272	4
271	2
270	1
269	2
268	1
267	1
265	1
262	1
261	1
260	1
259	2
258	1
257	2
255	1
253	1
250	1
248	3
244	3
243	1
242	1
240	3
238	1
236	1
235	1
233	1
232	1
231	4
230	3
229	2
228	1
226	2
220	1
219	1
218	2
217	1
216	1
215	1
213	4
212	2
211	1
210	2
209	1
208	2
206	2
205	1
203	1
200	1
198	1
197	1
196	1
195	1
194	1
193	1
192	1
191	1
190	1
187	4
186	2
184	1
182	1
181	1
179	1
178	1
177	3
176	1
175	1
173	1
172	2
170	1
169	2
168	2
167	2
166	1
165	1
164	1
160	1
159	3
157	1
155	1
154	3
153	2
150	3
149	3
146	1
145	2
144	2
143	1
138	1
137	2
136	1
135	1
134	1
133	2
132	1
131	1
129	1
128	2
126	1
124	2
123	2
120	2
119	4
118	1
116	1
115	1
113	1
110	2
108	1
107	1
106	2
103	1
102	2
98	1
93	1
92	1
86	2
84	3
83	2
81	1
79	1
77	2
75	1
74	1
72	1
71	2
70	1
68	1
67	2
65	1
64	1
63	1
62	5
60	1
59	2
58	1
56	2
53	1
52	2
51	1
