91
150
120	5
119	12
118	7
117	5
116	12
115	3
114	9
113	9
112	5
111	10
110	9
109	5
108	7
107	10
106	9
105	8
104	13
103	6
102	9
101	10
100	5
99	4
98	9
97	8
96	6
95	8
94	9
93	5
92	5
91	10
90	13
89	7
88	11
87	9
86	6
85	16
84	8
83	10
82	4
81	4
80	7
79	9
78	5
77	15
76	8
75	4
74	8
73	8
72	15
71	9
70	7
69	8
68	10
67	7
66	14
65	7
64	7
63	8
62	7
61	4
60	8
59	7
58	8
57	7
56	7
55	16
54	10
53	11
52	9
51	2
50	12
49	5
48	9
47	13
46	5
45	4
44	7
43	15
42	8
41	4
40	10
39	4
38	11
37	10
36	14
35	2
34	7
33	6
32	12
31	9
30	11
