238
400
320	4
319	4
318	6
317	2
316	4
315	2
314	3
313	4
312	2
311	1
309	7
308	4
307	5
306	1
305	4
304	3
303	3
302	3
301	6
300	3
299	6
298	7
297	5
296	6
295	4
294	7
293	8
292	4
291	3
290	6
289	9
288	6
287	5
286	3
285	5
284	4
283	3
282	2
281	3
280	5
279	6
278	1
277	9
276	4
275	3
274	4
273	2
272	5
271	7
269	3
268	5
267	2
266	5
265	4
264	3
263	3
262	5
261	3
260	1
259	3
258	4
257	3
256	3
255	7
254	4
253	5
252	8
251	3
250	2
249	2
248	9
247	5
246	4
245	9
244	4
243	3
242	9
241	2
240	1
239	5
238	4
237	5
236	6
235	2
234	3
233	2
232	6
231	3
230	2
229	5
228	1
227	5
226	3
225	3
224	3
223	1
222	3
221	6
220	5
219	5
218	4
217	4
216	7
215	5
214	1
213	5
212	2
211	4
210	3
209	6
208	1
207	2
206	2
205	3
204	5
203	1
202	6
201	2
200	4
199	4
198	3
197	3
196	2
195	3
194	7
193	4
192	3
191	7
190	2
189	6
188	4
187	6
186	4
185	4
184	5
183	4
182	1
181	7
180	7
179	3
178	3
177	2
176	3
175	3
174	7
173	8
172	1
171	4
170	4
169	4
168	2
167	4
166	1
165	4
164	3
163	1
162	4
161	1
160	5
159	6
158	8
157	6
156	4
155	5
154	7
153	10
152	4
151	4
150	7
149	4
148	5
147	1
146	4
145	5
144	4
143	6
142	2
141	6
140	8
139	7
138	9
137	4
136	5
135	8
134	5
133	5
132	3
131	3
130	2
129	5
128	3
127	3
126	6
124	3
123	6
122	6
121	6
120	5
119	2
118	5
117	4
116	2
115	5
114	3
113	6
112	3
111	3
110	8
109	3
108	4
107	8
106	5
105	7
104	3
103	5
102	1
101	4
100	3
99	4
98	3
97	4
96	3
95	1
94	2
93	4
92	3
91	8
90	3
89	4
88	7
87	2
86	6
85	4
84	5
83	3
82	7
81	5
80	3
