133
400
277	3
276	1
274	1
273	1
272	1
271	4
269	1
266	1
265	5
263	1
262	2
258	1
257	1
255	1
254	1
253	4
252	1
251	2
250	1
249	1
248	1
246	1
244	1
243	1
242	2
241	1
240	1
239	1
238	1
234	1
233	1
230	1
229	2
228	1
227	2
226	1
223	2
222	2
220	1
219	2
218	1
217	1
216	3
214	2
213	1
212	1
211	1
209	1
206	1
203	1
200	3
199	2
198	1
197	2
196	1
195	2
194	1
193	2
191	1
190	2
189	1
188	2
187	2
186	1
185	1
184	2
183	1
181	3
177	1
176	1
175	3
174	1
173	3
172	1
171	4
170	1
168	2
167	1
164	1
162	2
159	1
158	1
157	3
156	2
155	1
154	1
152	1
148	1
147	3
145	1
143	1
142	1
141	2
140	2
139	1
138	1
137	1
134	1
133	2
132	2
131	2
130	1
129	2
127	1
126	2
125	1
123	2
122	1
120	1
119	1
118	1
116	1
115	3
112	1
111	1
110	1
109	3
108	1
104	1
103	2
102	2
100	1
98	1
96	1
94	3
92	1
91	1
90	2
86	1
84	2
83	1
82	1
80	1
