169
300
210	2
208	3
207	4
206	2
205	4
204	2
203	2
202	3
201	2
199	3
198	3
197	4
196	4
195	2
194	2
193	6
192	5
191	1
190	4
189	1
188	1
187	2
186	4
185	2
184	5
183	1
182	4
181	2
180	5
179	1
178	1
177	3
176	3
175	1
174	3
173	2
172	2
171	4
170	3
169	4
168	2
167	7
166	6
165	1
163	1
162	3
160	2
159	1
158	2
157	3
156	5
155	2
154	3
153	1
152	1
151	3
150	1
149	3
148	3
147	1
146	4
145	1
144	5
143	5
142	4
140	4
139	5
138	1
136	4
135	3
134	2
133	3
132	4
131	4
130	2
129	1
127	2
126	4
125	3
124	8
123	2
122	1
121	4
120	4
119	5
118	4
117	3
116	4
115	1
114	2
113	2
112	3
111	2
110	4
109	3
108	3
107	1
106	3
105	7
104	1
102	1
101	3
100	1
99	4
98	1
96	1
95	4
94	5
93	3
92	3
91	4
90	3
89	4
88	3
87	4
86	6
85	2
84	3
83	4
82	1
81	4
80	2
79	4
78	5
77	3
76	7
75	3
73	4
72	2
70	2
69	5
68	3
67	2
66	2
65	1
64	3
63	5
62	4
61	1
60	2
59	3
58	4
57	1
56	2
55	4
54	3
53	3
52	4
51	2
50	2
49	5
48	4
47	3
46	1
45	1
44	1
43	1
42	1
41	2
40	1
39	7
38	4
37	1
36	2
34	4
33	6
32	4
31	5
30	4
