84
500
350	1
349	1
345	1
344	1
341	1
340	3
339	1
334	1
332	1
331	1
321	1
320	1
317	2
316	2
314	1
309	1
307	1
304	2
299	1
298	1
296	3
295	1
291	1
290	1
289	1
287	1
286	2
283	2
280	1
276	1
275	1
271	1
269	1
264	2
263	1
261	1
254	1
244	1
243	1
240	1
236	1
233	2
232	1
224	1
219	1
217	1
215	1
214	1
213	1
212	2
210	1
204	1
202	1
201	1
200	1
199	1
198	1
196	1
191	1
184	2
183	1
182	1
181	1
180	1
178	1
171	1
169	1
167	1
166	1
162	1
156	1
151	1
150	1
146	1
145	1
143	1
142	1
141	2
137	1
135	1
128	1
122	2
120	2
106	1
