231
1000
699	1
693	1
691	1
690	1
688	2
687	1
686	1
685	1
684	1
681	1
678	1
675	1
673	1
672	1
670	1
661	1
659	1
658	2
656	1
655	1
653	2
652	1
651	2
650	1
648	1
646	1
645	1
643	1
642	1
637	1
634	2
631	1
629	1
628	1
625	1
623	3
622	1
621	2
616	2
614	2
613	2
611	2
610	1
608	1
607	1
606	1
605	1
604	1
603	1
598	2
595	1
594	1
592	1
589	4
581	1
580	1
579	1
578	1
577	1
576	1
574	3
570	1
569	2
568	1
567	1
566	1
565	1
562	1
558	1
556	1
555	1
554	4
552	2
549	1
548	1
546	1
542	1
541	4
539	1
537	1
535	1
532	1
528	1
527	2
524	1
522	3
521	2
519	3
518	1
514	2
513	1
512	1
509	2
508	1
499	1
498	2
495	1
490	1
489	1
487	1
486	2
485	1
480	1
476	1
475	1
473	1
472	2
470	3
466	1
465	2
464	1
462	1
456	1
453	1
452	2
451	1
450	1
446	1
445	1
444	1
443	1
442	2
439	2
437	1
436	1
434	1
430	2
428	1
427	1
422	1
419	1
418	1
417	1
416	2
414	1
413	1
411	1
408	1
407	1
404	5
403	1
402	1
400	1
399	1
398	1
397	1
394	1
391	1
389	1
388	1
387	1
385	1
384	1
383	2
382	1
378	2
377	2
376	2
375	1
372	1
371	1
368	1
366	2
364	1
361	1
359	1
358	1
355	1
354	1
353	2
352	2
351	1
350	1
341	1
339	1
338	1
331	1
330	1
329	1
325	1
323	1
322	1
316	1
315	1
313	1
311	1
309	2
307	3
305	1
300	2
299	1
295	1
294	1
291	1
288	1
285	1
284	1
283	2
282	1
280	1
278	3
274	1
272	1
270	1
269	1
268	1
263	1
261	1
260	1
259	1
258	1
256	2
255	1
250	1
249	2
248	1
238	2
234	1
233	1
231	1
227	1
224	2
223	1
219	1
218	1
211	2
207	1
205	1
203	1
202	2
200	1
