101
200
140	8
139	9
138	13
137	12
136	7
135	10
134	10
133	11
132	12
131	11
130	8
129	10
128	16
127	13
126	8
125	15
124	10
123	8
122	8
121	9
120	5
119	11
118	12
117	10
116	9
115	3
114	12
113	5
112	12
111	10
110	13
109	15
108	9
107	8
106	8
105	9
104	7
103	19
102	13
101	12
100	7
99	8
98	15
97	8
96	5
95	5
94	10
93	4
92	8
91	6
90	11
89	7
88	10
87	11
86	6
85	9
84	5
83	11
82	14
81	13
80	11
79	16
78	10
77	17
76	10
75	10
74	10
73	13
72	12
71	5
70	15
69	10
68	7
67	12
66	5
65	6
64	13
63	12
62	8
61	6
60	8
59	7
58	5
57	13
56	14
55	11
54	10
53	16
52	9
51	11
50	13
49	15
48	9
47	9
46	7
45	9
44	7
43	12
42	10
41	5
40	9
