519
1000
800	3
799	1
798	1
797	3
796	3
795	3
794	1
792	1
790	3
787	3
786	1
785	1
784	2
783	1
782	1
781	3
780	1
778	1
777	1
776	3
775	3
774	3
773	4
772	1
771	2
770	1
768	2
767	1
765	1
764	1
763	3
762	6
761	2
757	2
756	2
755	1
754	2
752	1
751	1
750	1
749	1
748	2
747	1
745	1
743	2
742	2
741	3
740	4
738	2
737	2
736	5
734	3
733	3
732	1
731	1
728	1
726	1
724	2
722	1
721	2
719	2
717	1
716	3
715	4
714	2
713	1
711	1
710	3
708	3
706	3
703	1
702	1
700	2
699	2
698	1
696	1
695	1
693	2
692	1
691	1
690	1
689	1
688	2
685	1
684	1
683	1
681	5
680	1
679	2
678	1
676	1
675	4
674	1
672	2
671	3
670	2
669	1
668	2
666	6
665	1
664	2
663	3
662	1
661	3
660	2
659	2
658	2
657	1
655	2
654	2
653	2
651	2
650	5
649	1
648	2
647	1
646	4
645	3
644	2
643	1
642	1
641	3
640	1
637	2
636	3
634	4
632	2
631	1
630	2
629	6
628	1
627	1
624	1
623	1
622	1
621	1
620	2
619	2
618	2
616	5
615	2
612	2
609	5
606	1
605	1
604	2
603	1
602	1
601	2
600	1
599	3
598	4
597	1
596	2
595	1
594	1
593	4
592	1
591	2
590	1
589	1
588	1
587	3
585	1
584	1
582	2
581	3
580	1
579	1
576	2
575	3
573	4
571	2
569	1
568	1
565	2
564	2
563	1
562	1
559	2
558	4
557	1
556	3
555	1
554	1
553	1
552	2
551	4
550	1
547	1
544	2
542	1
541	1
540	2
539	2
538	2
537	4
536	3
535	1
534	1
533	2
532	1
531	4
530	1
529	4
528	2
527	2
526	3
525	3
524	2
523	1
522	1
520	1
519	3
518	1
517	2
516	2
515	1
513	1
512	2
511	3
510	1
508	1
507	1
506	2
505	4
504	1
503	1
501	2
499	3
498	2
496	1
494	1
492	3
491	2
490	2
488	1
487	2
486	2
484	1
483	2
481	4
480	2
479	2
478	1
477	4
476	1
474	2
473	3
470	3
469	5
467	1
462	1
460	1
457	2
455	1
454	1
453	2
449	1
448	2
447	1
446	1
445	1
443	1
442	2
440	2
438	1
436	3
435	1
434	3
433	3
432	5
431	4
430	1
429	1
428	1
427	2
426	1
423	1
422	3
421	1
420	4
419	1
418	1
417	1
416	2
415	2
414	1
413	2
412	1
411	1
410	5
409	3
406	2
404	2
402	4
401	4
399	2
398	2
397	4
396	2
395	1
393	1
392	2
391	2
388	1
387	3
386	3
385	1
381	4
380	1
379	1
377	2
376	3
375	1
374	1
373	3
372	2
371	2
370	1
369	3
368	1
367	2
364	3
363	2
361	4
360	1
358	3
357	1
356	3
355	2
354	2
353	2
351	2
350	1
349	1
348	1
347	2
346	1
344	2
343	2
342	1
341	1
338	3
337	3
336	1
335	2
334	2
333	1
331	1
330	3
329	1
327	1
326	3
325	2
324	2
323	3
321	1
318	1
317	5
316	2
315	1
314	3
310	1
309	1
308	2
305	3
304	1
303	1
302	1
301	1
299	1
298	1
297	1
296	2
295	1
294	3
293	1
292	1
291	1
289	1
288	2
287	1
286	2
285	2
283	1
281	1
280	1
278	1
277	1
276	2
275	1
274	1
273	1
272	1
271	4
269	2
267	1
266	2
265	4
264	2
263	3
262	1
259	3
256	1
255	4
254	2
253	2
252	1
250	1
249	3
246	1
245	1
242	1
240	1
239	1
238	3
237	1
236	1
235	1
234	1
233	1
231	1
230	2
229	1
227	2
226	4
224	1
223	2
222	2
221	1
220	2
219	3
217	1
216	2
213	3
212	1
211	1
209	3
208	3
207	2
206	1
205	4
204	1
203	3
202	1
201	2
200	2
199	4
198	1
195	2
194	1
192	1
191	2
189	4
188	2
187	4
185	2
184	4
183	2
182	4
181	2
180	3
179	2
178	1
177	1
176	2
175	2
173	1
172	3
171	1
169	3
167	1
165	1
162	2
160	1
159	1
157	4
156	1
155	1
152	1
151	2
150	3
149	2
148	3
146	1
145	2
144	3
143	2
142	1
141	3
140	2
139	1
138	3
137	3
135	3
134	3
133	3
132	3
131	1
130	1
129	1
128	1
126	1
122	2
120	1
119	1
118	3
117	3
115	1
113	1
111	3
110	1
109	4
107	3
105	4
104	3
103	3
101	2
