333
500
400	1
399	3
398	1
397	3
396	4
395	2
394	3
393	3
392	2
391	3
390	3
389	2
388	2
387	1
386	1
385	7
384	3
383	1
382	2
381	2
380	1
379	4
378	3
377	5
376	2
375	4
374	1
373	2
372	3
371	6
370	4
369	1
368	1
367	3
366	4
365	4
364	3
363	4
361	5
360	1
359	2
358	4
357	2
356	4
355	3
354	2
353	4
351	2
350	4
349	4
348	3
347	2
346	1
345	3
344	3
343	5
342	4
341	5
340	3
339	1
338	3
337	3
336	5
335	2
334	3
333	6
332	3
331	4
330	2
329	1
328	2
327	4
326	1
325	5
324	2
323	6
322	4
321	8
320	4
319	2
318	2
317	4
316	3
315	3
314	3
313	3
312	2
311	3
310	1
309	2
308	4
305	4
304	1
303	2
302	1
301	2
300	5
298	3
297	2
296	3
295	6
294	1
293	2
292	3
291	3
290	3
288	2
287	1
286	4
284	2
283	1
282	1
281	2
280	1
279	1
278	4
276	1
275	5
274	2
273	3
272	4
271	3
270	2
269	6
268	3
267	3
266	4
265	2
264	6
263	3
262	4
261	2
260	4
259	2
258	4
257	3
256	4
255	3
254	1
253	2
252	3
250	4
249	3
248	1
247	3
246	3
245	5
244	1
243	4
242	2
241	1
240	3
238	6
237	2
236	3
235	2
234	4
233	1
232	5
231	3
230	4
229	1
228	4
227	3
226	7
225	1
224	3
223	3
222	6
221	8
220	2
219	4
218	1
217	1
216	4
215	2
214	6
213	1
212	4
211	1
210	1
209	5
208	5
207	4
206	3
205	1
204	3
203	1
202	4
201	3
200	3
199	1
197	4
196	3
195	3
193	7
192	3
191	3
190	3
189	5
188	5
187	6
186	1
185	3
184	1
183	2
182	9
181	1
180	3
179	2
178	4
177	3
176	1
175	1
174	2
173	8
172	4
171	2
170	5
169	2
168	2
167	1
166	1
165	3
164	7
163	4
162	2
161	1
160	4
159	4
157	7
156	3
155	3
154	1
153	7
152	3
151	6
150	2
149	2
148	4
147	3
146	3
145	5
144	3
143	1
141	3
140	1
139	5
138	5
137	3
136	7
135	4
134	3
133	2
132	4
131	2
130	4
129	5
128	4
127	3
126	3
125	3
124	4
123	3
122	2
121	2
120	2
118	4
117	4
116	5
115	2
114	3
113	2
112	2
111	3
110	4
108	3
107	2
106	2
104	1
103	3
102	4
101	3
100	2
99	2
98	2
97	3
96	1
95	3
94	4
93	4
92	4
91	1
90	3
89	1
88	4
87	3
86	1
85	2
84	3
82	2
81	4
80	4
79	1
78	5
77	2
76	4
75	1
74	4
73	2
72	4
71	3
70	1
69	2
68	3
67	3
66	2
65	2
64	5
63	3
62	6
61	1
60	3
59	3
58	1
57	3
56	2
55	6
54	3
53	3
52	1
51	2
50	1
