157
500
399	1
397	2
396	1
391	1
390	2
387	1
386	1
383	1
380	1
378	1
376	1
374	2
373	1
371	1
370	2
369	2
366	2
365	1
363	1
360	1
359	1
357	2
355	1
351	1
347	1
346	1
342	1
341	1
339	1
336	3
334	1
333	1
330	1
327	1
326	3
317	1
315	2
314	1
311	1
310	1
309	1
307	1
297	1
295	1
294	1
293	1
290	1
289	1
282	2
280	2
278	1
277	1
276	1
274	1
272	1
268	2
267	2
265	1
264	3
261	1
259	1
258	1
254	1
251	1
248	3
245	2
243	1
242	1
240	1
237	1
236	2
234	2
232	1
231	1
230	1
229	2
228	1
223	1
221	1
217	1
216	1
214	1
213	1
212	1
210	2
208	1
205	1
202	2
200	2
199	1
198	1
197	1
196	3
193	1
190	1
189	1
183	1
180	1
177	1
176	1
175	2
174	1
173	1
172	1
171	2
170	1
163	1
160	1
158	1
156	1
155	1
153	1
151	1
150	1
146	1
133	2
131	2
129	2
126	1
122	1
118	1
117	2
114	1
113	2
112	1
110	1
108	2
106	1
105	3
103	1
102	1
101	1
98	1
97	3
96	1
94	1
92	1
90	1
84	1
83	1
82	1
81	1
80	1
78	1
76	1
72	1
71	1
70	1
68	1
63	1
62	1
61	2
60	2
59	1
57	1
56	1
55	1
