482
1000
700	2
699	3
698	1
697	2
696	1
695	3
694	2
692	3
690	2
688	2
687	1
686	4
685	4
684	2
683	3
682	1
681	1
680	2
679	5
678	4
677	1
676	1
674	2
673	1
671	1
669	4
667	4
665	3
664	3
662	1
661	1
660	1
659	2
658	3
657	2
656	2
655	2
654	4
653	1
651	3
649	3
648	3
647	2
646	3
645	3
644	2
643	5
642	1
641	1
638	3
637	4
634	1
633	1
631	3
630	1
629	2
628	1
627	2
626	1
625	1
624	1
621	2
620	4
619	1
618	3
617	1
616	2
615	2
614	3
613	2
612	2
611	3
610	1
609	1
608	3
606	1
604	1
603	1
601	1
600	2
599	2
598	4
597	7
595	1
594	5
593	2
592	3
591	3
590	3
588	1
587	2
585	3
584	2
583	2
582	2
581	1
580	1
579	2
578	2
577	1
576	2
575	1
573	3
572	3
570	1
569	2
568	1
566	1
565	2
563	3
562	2
560	3
559	5
558	1
557	1
556	1
555	3
552	3
551	2
550	1
549	2
548	2
547	1
546	1
545	2
544	2
543	2
542	1
541	2
540	1
538	2
537	3
536	1
535	1
532	4
530	5
529	1
528	2
527	3
525	1
524	2
523	2
522	2
521	1
520	1
519	1
518	2
517	1
516	1
515	2
514	3
513	2
512	1
511	1
510	1
508	2
507	2
505	2
504	1
503	3
502	4
501	3
500	1
499	2
497	3
496	2
495	6
494	1
493	3
492	4
491	1
490	2
489	1
488	2
485	4
482	2
481	3
480	2
479	2
478	3
477	1
476	2
475	1
474	1
472	1
471	2
470	2
468	2
467	3
466	3
464	2
463	1
461	5
460	2
459	3
458	1
457	2
456	2
455	1
454	3
453	1
452	1
450	1
448	4
447	1
446	1
445	1
444	2
442	3
441	3
438	2
437	2
436	2
433	1
432	1
431	1
430	4
429	3
428	3
426	1
425	2
424	1
423	3
422	3
421	4
420	2
418	2
417	4
415	1
414	2
413	1
412	1
411	2
410	5
409	1
408	2
407	4
405	1
403	3
402	1
401	2
400	2
399	1
397	2
396	3
395	1
394	1
393	1
391	2
390	4
389	4
388	3
386	3
385	2
384	3
382	2
381	1
380	2
379	1
378	3
377	2
376	1
374	1
373	2
372	1
371	1
370	1
369	1
368	2
367	2
366	2
365	4
364	1
361	3
360	2
359	1
358	3
356	1
355	2
354	4
352	2
351	1
350	2
349	2
348	1
346	3
345	2
344	1
343	3
342	1
341	2
339	3
338	2
337	2
336	1
335	4
334	1
333	2
332	1
331	2
330	1
329	2
327	3
325	4
324	1
323	1
322	2
321	3
319	2
318	1
317	4
316	4
315	4
314	4
313	2
312	3
311	3
309	1
308	3
307	2
306	1
305	1
303	2
302	3
301	2
300	2
298	3
296	4
295	1
294	2
293	2
292	2
291	2
290	1
288	2
287	3
286	1
285	2
284	1
283	1
281	5
280	1
279	4
278	1
277	1
276	4
274	4
273	6
271	3
270	3
269	2
268	2
265	1
264	3
263	1
262	1
261	3
259	2
258	3
257	1
255	1
254	1
253	2
251	3
249	1
247	2
246	1
245	1
244	2
243	2
242	3
241	2
240	3
238	2
237	4
236	2
234	3
233	1
232	1
231	1
230	1
229	1
228	2
226	3
225	1
224	4
222	2
221	1
220	1
218	2
217	1
216	1
215	5
214	1
213	1
212	1
211	5
210	1
209	1
208	1
207	3
206	1
205	2
203	1
202	2
200	4
197	3
196	1
195	3
194	2
193	2
192	2
191	2
190	4
189	3
188	2
186	1
185	2
184	2
183	3
182	6
181	1
180	1
179	2
178	1
177	1
176	1
175	2
174	1
173	3
171	2
170	1
169	2
166	2
165	1
164	2
162	1
161	1
158	4
157	1
156	2
155	1
154	1
152	1
151	2
150	2
149	1
148	5
146	1
145	1
144	3
142	2
140	3
139	4
138	3
137	2
136	2
134	2
132	1
131	1
129	1
128	2
127	1
125	2
123	2
122	2
121	2
120	2
119	2
117	1
116	3
115	3
114	2
113	3
112	1
111	1
109	2
108	2
107	3
105	3
101	1
100	1
