94
750
596	1
593	1
592	1
588	1
579	1
576	1
574	1
566	1
562	1
555	1
548	1
540	1
526	1
520	1
518	1
509	1
506	1
502	1
500	1
496	1
491	1
485	1
484	1
478	1
471	1
457	2
440	1
433	1
432	1
430	1
423	1
420	1
414	2
412	1
411	1
400	1
395	1
391	1
379	1
378	1
376	1
372	1
368	1
367	1
365	1
363	1
358	1
354	1
353	1
349	2
344	1
343	1
331	1
330	1
325	1
324	1
320	2
313	1
312	1
310	1
307	1
296	1
289	1
285	1
280	2
279	1
276	1
267	1
257	1
252	1
249	1
247	1
241	1
240	1
228	1
224	1
222	1
218	1
205	1
202	1
200	1
196	1
195	1
193	1
188	2
183	1
177	1
176	1
172	1
170	1
166	1
163	1
157	1
154	1
