90
750
519	1
510	1
507	1
501	1
493	1
488	1
473	1
466	1
457	2
453	1
451	1
450	1
447	1
443	2
441	1
440	1
438	1
434	1
430	1
428	1
424	1
421	1
418	1
416	1
406	1
403	1
401	1
400	1
398	1
397	1
394	1
387	1
385	1
375	1
372	1
371	2
370	1
367	2
364	1
359	1
356	2
337	2
336	1
331	1
328	1
326	1
325	1
323	1
314	1
312	1
311	1
309	1
303	1
301	1
298	2
295	1
291	1
285	1
283	1
282	1
281	2
276	1
275	1
274	1
261	1
260	1
257	1
247	1
245	1
244	1
239	1
237	2
230	1
222	1
220	1
219	1
205	1
201	1
199	1
198	1
194	1
193	1
186	1
185	2
176	1
175	1
164	1
161	1
160	1
158	1
