435
1000
799	2
798	1
797	1
793	2
792	1
791	2
790	3
788	2
787	2
785	1
784	1
783	1
781	2
780	1
779	1
778	3
777	2
776	2
775	1
774	1
773	3
772	1
769	1
768	2
766	1
765	1
762	2
761	1
760	1
759	2
758	2
756	1
754	1
753	2
752	1
751	5
750	1
749	1
746	2
745	3
744	1
743	2
742	2
741	1
739	2
738	4
737	1
735	1
734	1
733	1
732	1
731	3
730	2
729	2
726	3
724	1
723	2
722	2
721	1
720	1
719	3
718	1
717	1
716	1
715	2
712	3
711	3
710	1
707	1
705	4
704	2
703	3
702	3
701	1
700	3
699	2
696	1
694	2
693	2
692	2
691	1
690	1
689	1
687	1
686	1
684	2
683	2
682	1
681	1
678	2
677	1
676	1
675	2
673	1
671	3
670	2
669	2
668	3
667	3
666	1
665	1
664	1
663	1
660	1
659	1
658	2
657	1
656	2
655	1
654	2
653	1
652	1
651	1
650	2
649	3
646	2
644	1
642	1
640	2
638	3
637	1
636	2
634	2
633	1
632	1
631	3
630	1
628	2
625	2
623	5
621	1
619	1
618	1
617	1
615	1
613	3
612	1
610	1
609	1
606	1
605	3
604	2
603	2
602	2
601	4
600	2
599	3
598	1
597	3
596	1
595	3
593	1
592	1
591	1
590	1
589	1
588	5
587	1
586	2
584	2
582	2
581	1
579	2
578	1
577	2
576	2
575	1
574	1
571	1
570	1
569	2
568	1
566	2
565	1
564	2
563	2
561	1
560	2
559	1
558	1
557	1
556	1
555	1
554	1
553	3
552	2
550	1
549	2
548	2
547	1
545	1
543	2
542	1
541	2
539	4
537	3
534	2
533	1
532	1
531	1
530	2
529	1
528	1
527	3
525	4
524	2
523	2
522	2
521	1
520	1
517	3
516	1
514	2
513	2
512	5
509	2
508	1
506	1
505	3
504	1
503	2
502	2
501	1
500	2
499	1
498	1
497	1
495	1
492	1
491	1
490	1
489	2
488	2
487	3
486	1
485	3
484	2
481	1
480	1
479	2
478	2
477	3
476	1
474	3
472	1
471	1
470	1
468	3
467	1
465	3
464	2
463	2
462	2
461	1
460	1
459	2
458	2
456	1
454	3
450	1
449	1
448	1
447	2
445	2
444	2
443	3
442	1
441	1
440	1
438	2
435	1
433	1
432	2
431	1
430	2
429	1
428	1
426	1
425	3
424	1
423	2
422	3
420	1
418	3
417	2
416	2
415	1
414	2
413	1
412	2
410	2
409	1
408	2
407	1
406	3
405	1
404	2
403	3
402	2
401	2
400	1
399	3
398	1
396	2
395	1
393	1
391	2
390	1
389	1
388	2
385	4
381	2
380	1
379	3
378	1
377	1
376	3
375	3
370	2
369	2
366	1
365	2
364	3
363	1
362	3
361	2
360	1
357	2
355	1
354	1
352	2
351	2
347	2
346	2
345	2
343	1
342	2
341	1
339	1
338	2
337	1
336	2
334	1
333	2
330	1
329	3
327	3
326	1
325	4
324	2
321	3
319	1
318	1
315	1
313	2
312	2
311	3
309	1
308	1
307	1
306	2
304	1
303	1
302	1
301	2
299	3
298	1
297	1
296	3
295	2
294	1
293	3
291	2
290	2
289	2
288	1
287	2
286	1
284	2
283	2
281	2
280	1
279	1
278	1
277	1
275	2
273	2
272	3
271	1
268	2
267	2
264	3
263	3
262	2
261	2
260	2
259	3
256	2
255	2
254	1
252	1
251	2
250	1
248	1
247	2
246	1
245	2
244	1
243	3
240	2
239	1
237	1
236	3
235	1
234	3
233	1
232	1
231	1
230	1
229	1
228	3
227	1
226	1
225	1
224	2
223	2
220	3
219	2
218	1
217	2
212	2
210	4
209	1
204	1
201	1
