121
200
160	9
159	10
158	18
157	6
156	15
155	9
154	8
153	7
152	11
151	2
150	7
149	8
148	14
147	9
146	9
145	4
144	10
143	12
142	3
141	9
140	8
139	5
138	9
137	9
136	11
135	9
134	10
133	9
132	10
131	7
130	5
129	10
128	7
127	12
126	7
125	7
124	10
123	8
122	8
121	3
120	6
119	4
118	15
117	10
116	6
115	12
114	9
113	9
112	4
111	12
110	8
109	7
108	9
107	4
106	8
105	10
104	8
103	5
102	9
101	10
100	10
99	9
98	14
97	10
96	5
95	7
94	5
93	16
92	10
91	16
90	6
89	9
88	8
87	11
86	5
85	6
84	10
83	5
82	7
81	7
80	7
79	4
78	3
77	5
76	13
75	3
74	7
73	15
72	6
71	14
70	10
69	12
68	12
67	9
66	9
65	3
64	6
63	10
62	6
61	6
60	9
59	9
58	8
57	5
56	5
55	11
54	9
53	10
52	5
51	7
50	11
49	13
48	3
47	3
46	6
45	7
44	5
43	8
42	9
41	5
40	7
