228
400
280	6
279	3
278	1
277	3
276	2
275	6
274	3
273	3
272	2
271	4
270	4
269	3
268	7
267	4
266	2
265	2
264	3
263	1
261	3
260	1
259	4
258	3
257	1
256	4
255	2
254	4
253	2
252	2
251	3
250	3
249	2
248	5
247	3
246	4
245	2
244	6
243	1
242	2
241	1
239	3
238	3
237	9
236	2
235	4
234	3
233	1
232	5
231	6
230	6
229	3
228	2
226	4
225	2
224	2
223	5
222	3
221	2
220	4
219	2
218	4
217	3
216	2
215	2
214	2
213	3
212	3
211	4
210	2
209	1
208	5
207	7
206	1
205	4
204	3
203	2
202	6
201	4
200	6
199	4
198	2
197	2
196	4
194	2
193	5
192	3
191	5
190	5
189	2
188	4
187	6
186	3
184	6
183	1
181	3
180	2
179	4
178	5
177	1
176	2
175	5
174	2
173	2
172	3
171	1
170	4
169	7
168	4
166	3
165	1
164	4
163	2
162	5
161	3
160	3
159	3
158	2
157	4
156	2
155	2
154	3
153	3
152	4
151	2
150	4
149	6
148	3
147	1
146	1
145	5
144	1
143	2
142	3
141	4
140	7
139	5
138	1
137	7
136	3
135	6
134	3
133	1
132	5
131	5
129	5
128	1
127	2
126	1
125	1
124	3
123	6
122	5
121	4
120	5
119	2
118	3
117	2
116	4
115	3
114	2
113	4
112	5
111	4
110	5
109	1
108	5
106	1
105	7
103	1
102	4
101	5
99	1
98	1
97	2
96	1
95	1
94	1
93	4
92	3
91	3
90	2
89	2
88	5
87	1
86	4
85	1
84	2
83	6
82	2
81	4
80	4
79	3
78	4
76	2
75	5
74	2
72	2
71	5
70	4
69	8
68	3
67	3
66	4
65	3
64	2
63	3
62	4
61	4
60	2
59	4
58	3
57	6
56	3
55	4
54	5
53	1
52	3
51	3
50	3
49	5
48	1
47	3
46	5
45	5
44	3
43	5
42	7
41	3
40	4
