173
1000
799	1
798	1
794	1
793	1
779	1
773	1
772	1
766	1
765	1
758	1
748	1
746	1
745	1
737	1
736	2
734	1
729	1
724	1
719	1
716	1
699	1
696	1
692	1
689	1
683	1
681	2
678	1
677	1
671	1
662	1
656	1
655	1
646	1
636	1
634	1
631	1
629	1
623	1
620	2
617	1
616	2
602	1
596	1
595	1
594	2
593	2
591	1
590	1
588	1
581	2
579	1
568	1
567	1
561	1
558	3
557	1
556	1
554	1
551	3
550	1
547	1
545	2
543	1
542	1
536	1
535	3
532	1
526	1
525	1
524	1
521	1
515	1
503	1
496	1
479	1
476	2
473	1
472	1
470	1
469	1
464	1
463	1
446	1
441	1
439	1
437	1
436	1
434	1
433	1
424	1
421	1
417	1
415	1
412	1
400	1
398	1
392	1
387	1
386	1
385	1
383	2
380	1
378	1
377	1
372	2
369	1
367	1
365	1
361	1
359	1
358	1
356	1
351	1
350	2
347	1
343	1
337	1
329	1
325	2
323	1
321	1
320	1
316	1
315	1
309	1
308	2
306	1
298	1
295	1
294	1
292	1
290	1
280	1
272	1
270	2
266	1
261	1
255	1
253	1
252	1
242	2
230	1
223	2
217	2
214	1
205	1
202	1
198	1
190	1
187	1
184	1
182	2
174	1
173	1
172	1
168	1
165	1
160	1
155	1
151	1
146	1
141	2
138	2
131	1
128	1
126	1
118	1
115	1
109	1
106	1
103	1
102	1
101	1
