116
200
160	2
159	4
158	7
157	5
156	1
155	3
154	3
153	5
152	4
151	3
150	2
149	2
148	6
147	1
146	1
145	1
144	3
143	2
142	3
141	7
140	3
139	5
138	3
137	6
136	3
135	1
134	7
133	1
132	4
131	8
130	3
128	4
127	1
126	2
125	5
124	2
123	4
122	2
121	2
119	4
118	2
117	1
116	6
115	3
114	2
113	3
112	3
111	4
109	6
108	1
107	5
106	4
105	1
103	4
102	4
101	5
100	1
99	1
98	2
97	5
96	5
95	2
94	4
93	5
92	1
91	6
90	5
89	4
88	1
87	5
86	4
85	2
84	3
83	6
82	2
81	4
80	2
79	5
78	4
77	2
76	2
74	5
73	3
72	2
71	4
70	1
69	1
68	3
67	5
66	3
65	5
64	3
63	2
62	2
61	4
60	9
59	3
58	3
57	2
56	7
55	1
54	4
53	6
52	2
51	1
50	2
49	6
48	5
47	4
46	6
45	7
44	3
43	5
42	3
41	5
40	1
