293
500
400	2
399	2
398	1
397	2
396	3
395	3
394	3
393	6
392	4
391	2
390	4
389	5
388	2
387	3
386	4
385	7
384	2
383	2
382	3
381	4
380	3
379	3
378	6
377	2
376	1
375	3
374	4
373	4
372	5
371	6
370	1
369	3
368	1
367	4
366	3
365	3
364	4
363	3
362	2
361	6
360	2
359	4
358	2
357	3
356	4
355	4
354	3
353	5
352	7
351	3
349	5
348	4
347	3
346	9
345	6
344	1
343	1
342	6
341	4
340	3
339	2
338	1
337	5
336	6
335	4
334	3
333	1
332	1
331	3
330	1
329	6
328	6
327	2
326	2
325	2
324	4
323	3
322	1
321	4
319	3
318	3
317	2
316	6
315	5
314	3
313	5
312	1
311	1
310	4
309	3
308	1
307	2
306	6
305	4
304	5
303	4
302	4
301	6
300	2
299	5
298	3
297	3
296	3
295	3
293	6
292	2
291	3
290	3
289	3
288	4
287	2
286	3
285	2
284	4
283	4
282	8
281	1
280	3
279	4
278	3
277	2
276	1
275	2
274	1
273	3
272	4
271	4
270	7
269	1
268	3
267	6
266	7
265	3
264	3
263	7
262	2
261	5
260	1
259	5
258	5
257	3
256	5
255	4
254	4
253	3
252	4
251	3
250	3
249	5
248	4
247	3
246	5
245	5
244	5
243	1
242	7
241	2
240	4
239	3
238	2
237	1
236	2
235	3
234	2
233	4
232	5
231	2
230	3
229	1
228	2
227	2
226	6
225	2
224	8
223	2
222	2
221	2
220	4
219	5
218	6
217	3
216	1
215	4
214	5
213	5
212	1
211	3
210	3
209	3
207	1
206	1
205	4
204	6
203	1
202	2
201	2
200	2
199	2
198	4
197	1
196	3
195	2
194	5
193	5
192	6
191	1
190	4
189	2
188	4
187	3
186	5
185	5
183	4
182	3
181	3
180	3
179	2
178	5
177	1
176	3
175	6
174	1
173	5
172	3
171	5
170	6
169	1
168	4
167	2
166	6
164	1
163	2
162	6
161	3
160	4
159	4
158	3
157	4
156	6
155	2
153	3
152	6
151	5
150	2
149	1
148	6
147	2
146	4
145	3
144	2
143	7
142	6
140	3
139	4
138	2
137	3
136	2
135	4
134	2
133	1
132	3
131	4
130	3
129	2
128	5
127	1
126	1
125	2
124	2
123	8
122	2
121	5
120	1
119	3
118	4
117	4
116	2
115	2
114	4
113	4
112	3
111	3
110	4
109	7
108	4
107	3
106	3
105	6
104	5
103	3
102	2
101	6
100	4
