384
750
525	3
524	2
523	3
522	4
521	2
518	4
517	4
516	3
515	3
514	1
513	3
512	1
510	4
509	2
507	2
506	4
505	1
504	2
503	2
502	1
501	2
500	1
498	2
497	3
496	4
495	1
494	3
493	1
491	5
490	4
489	1
487	1
486	2
485	3
483	2
482	6
481	3
479	4
478	6
477	4
476	2
475	1
473	1
472	1
471	2
470	1
469	3
468	3
467	5
466	2
465	2
464	4
463	2
462	3
461	3
460	1
459	3
458	4
455	1
454	4
453	5
452	2
451	3
450	2
448	5
447	2
446	2
445	3
444	1
443	2
442	1
441	3
440	3
438	1
437	1
436	3
435	1
434	2
433	1
432	3
431	3
430	8
429	2
428	3
427	2
426	6
425	2
424	2
423	1
422	1
421	3
420	3
419	3
418	2
417	1
416	6
415	1
414	2
412	2
411	5
410	1
409	2
408	2
407	2
406	6
405	1
404	2
403	1
402	2
401	2
400	1
399	2
397	2
396	4
395	2
394	6
392	1
391	3
388	3
387	2
386	1
385	2
383	2
382	2
380	1
379	1
377	2
376	1
375	1
374	6
373	1
372	1
371	3
370	3
366	2
365	6
364	1
363	2
362	4
361	1
360	3
359	1
358	1
357	7
356	1
355	2
354	4
352	2
351	3
350	4
348	3
347	1
346	5
345	5
344	3
343	5
342	1
341	5
340	1
339	3
337	2
336	2
335	1
334	2
333	4
329	3
328	2
327	1
326	1
325	3
324	4
323	3
321	4
320	3
319	3
318	4
317	4
316	3
315	1
314	4
313	3
311	4
310	3
308	4
307	5
306	2
305	1
304	2
303	1
302	5
301	3
300	6
296	2
294	5
293	2
292	2
291	3
290	1
289	1
287	1
286	2
285	4
284	3
282	2
281	1
280	3
279	1
278	1
277	2
276	3
275	2
273	3
272	3
271	3
270	1
269	5
268	5
267	2
266	5
265	1
264	4
263	3
262	1
261	5
260	2
256	5
255	3
254	2
253	2
252	2
251	3
249	3
248	2
247	3
246	3
245	7
244	2
243	2
242	1
241	2
240	2
239	4
238	6
237	4
236	1
234	3
233	1
232	4
231	2
229	4
228	2
227	2
226	3
225	4
224	2
223	2
222	1
221	6
220	3
218	1
217	5
215	1
214	3
213	2
212	1
211	2
210	1
209	2
208	2
207	4
205	3
204	3
203	3
202	2
201	3
200	3
199	1
198	1
197	2
196	2
195	1
194	4
193	1
192	5
190	3
189	5
188	2
187	3
185	2
184	4
182	1
181	1
180	1
179	2
178	2
176	5
175	1
174	4
173	2
172	1
171	2
170	2
169	4
168	1
167	3
165	1
164	4
163	1
162	6
161	3
160	4
159	4
158	2
157	4
156	1
155	1
154	1
153	2
152	3
151	2
150	2
149	3
148	3
147	5
146	2
144	2
143	2
141	2
140	4
139	1
138	2
137	1
136	2
135	2
133	3
130	2
128	2
126	1
125	4
124	1
123	2
122	4
121	3
120	5
119	1
118	2
117	2
116	2
115	4
114	3
113	2
111	4
110	3
108	2
107	1
106	3
105	2
104	3
103	4
102	7
101	1
100	4
99	3
98	2
97	7
96	4
95	1
93	3
92	1
90	5
89	1
88	3
87	4
86	1
84	2
83	2
82	1
81	2
80	2
79	5
78	2
77	2
76	1
75	2
