273
750
525	1
523	1
522	4
521	2
518	3
517	3
516	1
513	1
512	2
511	3
510	1
509	1
508	3
506	1
505	1
502	1
501	1
500	3
498	1
497	1
496	1
495	2
494	2
492	2
491	3
490	2
489	1
488	2
486	1
485	1
484	3
483	1
482	1
481	3
480	1
478	1
477	3
476	3
475	2
474	1
473	1
472	1
471	1
470	2
469	2
464	2
463	1
462	1
461	1
460	1
459	2
458	2
457	1
455	4
453	3
452	1
449	2
448	2
447	3
445	3
444	1
442	4
441	2
439	2
438	1
437	2
435	2
432	1
429	3
428	2
426	1
425	1
424	3
423	3
422	1
421	2
420	1
419	1
418	1
416	2
415	1
414	2
413	2
412	2
411	3
410	2
407	3
405	1
404	2
403	1
402	1
399	1
397	1
396	2
395	2
394	1
393	2
391	3
390	1
389	2
388	2
387	2
386	3
385	1
384	2
382	2
381	1
378	2
377	2
376	1
374	2
372	2
368	1
367	1
366	3
365	1
364	1
362	3
361	1
360	3
359	2
358	1
357	4
356	1
354	2
353	1
351	2
350	3
349	1
348	1
347	1
345	1
344	1
343	2
342	1
341	2
340	3
339	1
337	5
336	2
335	1
333	3
331	3
330	2
329	1
328	2
327	2
326	2
325	3
324	2
322	4
320	4
318	2
317	2
316	3
315	1
309	1
308	2
307	4
306	2
305	1
304	2
303	1
302	2
301	2
300	2
297	2
296	1
294	1
293	1
292	3
291	2
289	1
286	2
285	2
284	2
283	2
281	2
280	3
279	3
278	1
277	2
276	1
275	1
274	2
272	1
271	1
270	3
268	1
267	3
266	1
265	1
264	3
261	1
260	1
259	2
258	2
257	1
255	1
252	2
251	1
248	1
247	1
246	1
243	4
242	1
241	1
240	3
238	2
237	1
236	3
234	2
233	3
232	1
230	2
229	2
227	3
225	3
224	3
222	4
220	3
219	2
218	2
217	2
216	2
215	1
214	1
213	1
212	1
210	1
209	3
207	2
205	2
204	2
203	1
201	2
200	1
199	2
197	1
196	1
195	1
191	1
189	1
188	3
186	1
185	1
184	5
183	3
181	2
180	1
179	1
178	2
176	3
175	2
174	1
173	3
172	2
170	1
168	1
167	2
165	2
164	1
162	1
161	1
160	1
159	1
158	2
157	4
155	1
154	1
153	4
152	2
150	2
