162
300
239	3
238	1
237	6
236	2
235	2
234	1
233	2
232	2
230	2
227	1
226	2
225	1
224	1
223	4
221	1
220	4
219	2
218	3
217	2
216	3
215	1
212	1
210	2
208	1
206	2
205	1
204	1
203	1
202	5
201	1
200	1
199	1
196	2
195	3
194	1
192	2
190	2
188	1
187	3
185	2
184	1
182	1
181	2
180	1
179	1
178	4
177	1
175	2
174	4
172	4
171	1
169	2
168	3
167	2
166	1
165	1
164	3
163	2
162	1
161	3
158	1
157	2
155	2
154	1
153	1
152	1
151	1
150	2
148	3
146	2
145	2
144	5
143	2
142	2
140	4
137	2
136	1
135	1
134	3
133	1
132	1
130	1
126	2
125	1
124	2
123	2
122	2
120	1
118	2
117	1
116	2
115	2
114	1
113	2
112	1
110	1
109	1
108	2
107	1
106	1
105	1
104	2
103	1
102	1
101	1
100	2
99	1
98	1
97	3
96	1
95	1
93	1
92	2
91	3
90	3
89	2
88	1
86	2
85	2
84	2
83	1
82	6
81	2
80	2
79	1
76	2
75	1
73	4
72	2
71	2
70	1
69	2
68	1
67	1
65	1
64	3
63	2
62	1
61	3
60	2
59	1
56	1
52	1
51	2
50	2
49	3
47	2
46	2
45	2
44	2
43	1
42	3
40	2
39	2
38	4
37	2
36	1
35	1
34	2
32	2
31	1
30	1
