98
150
120	4
119	5
118	2
117	1
116	4
115	3
114	2
113	2
112	7
111	3
110	2
109	3
108	3
107	2
106	1
104	1
103	1
102	2
100	4
99	1
98	1
97	4
95	8
94	2
93	2
92	2
90	2
89	5
88	3
87	3
86	4
85	6
84	3
83	5
82	1
81	2
80	2
79	2
78	4
77	5
76	1
75	2
74	4
73	2
72	1
71	4
70	2
69	6
68	1
65	3
64	5
63	2
62	3
61	3
60	3
59	3
58	4
57	3
56	2
55	7
54	6
53	3
52	1
51	2
50	2
49	2
48	1
47	7
46	2
45	4
44	4
43	5
41	2
40	2
38	3
37	3
36	4
35	2
34	5
33	5
32	1
31	2
30	3
29	3
28	6
27	2
26	4
25	5
24	2
23	4
22	3
21	4
20	3
19	5
18	2
17	2
16	2
15	2
