451
1000
799	4
798	3
793	1
792	3
791	1
790	1
788	1
787	1
786	4
785	2
783	3
781	3
779	1
778	1
776	1
774	1
773	2
772	1
770	1
769	2
768	1
767	1
765	2
764	2
763	1
762	4
761	2
760	2
758	2
757	2
756	2
755	2
752	1
750	1
748	1
747	1
745	2
744	1
743	1
742	2
741	1
740	2
739	2
738	2
737	4
732	1
731	3
730	1
729	1
726	1
725	1
724	1
722	1
721	1
720	1
719	1
718	3
715	1
714	1
712	2
711	3
710	2
709	1
708	1
706	2
704	1
702	1
699	2
698	1
695	2
694	1
693	2
692	3
691	2
689	1
687	4
684	2
683	2
682	1
681	4
679	1
675	3
673	1
672	3
666	2
665	3
664	2
663	3
662	3
661	1
660	2
659	1
658	1
656	2
652	1
651	1
650	1
649	1
648	2
647	1
645	1
644	2
643	2
642	1
641	1
636	1
635	3
634	1
631	2
628	3
627	1
624	1
623	2
621	3
620	1
619	1
618	1
616	2
614	2
613	2
611	1
610	1
609	2
607	4
606	1
605	1
604	1
603	1
601	2
596	2
594	3
593	2
592	1
591	2
590	2
587	2
586	1
585	1
584	2
583	5
581	1
580	1
579	1
575	4
574	2
573	3
572	4
571	1
570	1
569	3
568	1
567	3
566	1
565	2
564	1
563	2
562	1
561	2
560	2
558	1
557	1
556	1
555	1
554	3
551	2
550	2
549	1
546	1
545	3
544	1
541	3
536	2
534	1
533	1
532	1
528	2
527	2
526	3
525	1
524	2
523	1
520	2
519	1
516	2
514	2
513	1
511	2
510	2
509	1
505	1
504	2
503	1
501	3
500	3
499	1
497	2
494	3
491	1
490	1
489	1
488	1
487	2
486	1
485	1
483	2
482	2
481	1
478	1
477	1
474	1
472	1
470	3
469	1
467	1
466	2
464	1
463	1
460	2
459	1
458	1
457	3
456	1
455	2
454	4
453	1
451	3
450	1
446	3
445	1
444	1
442	1
438	4
437	2
436	2
434	2
433	1
431	2
430	1
429	1
428	2
427	2
426	1
424	1
423	1
422	1
421	1
419	2
418	2
416	1
413	3
412	2
411	2
410	1
409	4
407	1
406	1
405	1
404	4
402	3
399	2
397	1
392	3
391	3
389	1
388	2
384	1
383	1
382	1
380	1
379	2
378	2
376	2
373	2
372	1
371	1
368	1
367	1
363	2
362	1
361	1
360	1
359	1
358	1
357	3
355	1
353	2
352	2
349	1
348	1
346	1
345	1
343	1
341	1
340	3
339	1
338	1
337	1
335	2
334	2
333	2
332	2
329	1
328	1
327	1
326	3
324	3
323	1
321	1
320	3
319	2
316	2
315	2
313	2
312	1
310	1
308	1
307	1
306	2
305	1
304	2
303	4
302	2
301	1
300	1
299	1
291	4
289	1
288	1
286	1
284	1
283	1
282	2
281	1
280	2
279	1
278	3
277	2
276	2
275	2
271	3
270	2
269	1
267	3
266	2
264	2
262	1
261	1
260	3
259	2
257	2
255	2
253	1
252	1
248	1
247	1
245	2
244	2
242	1
241	1
239	2
237	1
235	2
234	2
232	3
230	2
229	1
228	1
225	1
224	1
223	1
219	2
218	2
217	2
216	2
215	2
214	1
212	1
211	1
210	1
208	1
207	1
205	2
203	1
202	2
200	3
198	1
196	1
195	1
194	1
191	6
190	2
189	2
188	1
186	3
185	1
181	4
180	1
178	2
177	1
175	1
173	1
172	2
170	2
169	1
167	1
166	3
165	1
164	1
163	2
162	1
161	2
160	2
159	1
157	1
156	1
155	2
154	2
153	1
152	2
150	1
149	2
147	1
145	2
144	3
143	1
142	2
141	1
139	3
137	2
136	1
135	1
133	1
132	1
131	1
128	1
126	1
124	3
122	1
120	1
118	1
117	1
116	1
115	1
114	1
112	1
111	1
110	2
108	1
106	2
104	1
101	1
