415
1000
800	1
799	3
798	1
797	1
794	3
793	2
791	1
790	2
789	1
787	1
786	1
785	1
783	1
782	2
781	2
780	3
778	1
777	2
776	3
775	3
774	1
772	3
771	2
768	1
764	2
763	2
762	2
759	1
758	2
757	2
753	3
752	1
751	2
750	1
749	3
748	1
747	3
745	3
744	1
743	1
741	2
738	1
737	1
736	2
734	2
733	5
732	3
731	2
730	1
729	2
728	1
727	1
726	3
724	3
721	1
720	1
719	3
716	1
715	1
714	1
713	1
712	3
711	2
710	1
709	1
708	1
705	1
704	4
703	2
702	2
701	1
700	3
699	3
698	2
696	4
695	2
694	1
691	1
690	3
689	2
687	1
686	4
685	1
684	1
682	1
681	3
679	2
678	2
677	1
673	1
672	1
669	1
667	2
662	1
661	1
659	2
657	4
656	2
654	1
653	1
652	3
650	3
649	1
648	1
647	1
646	3
644	1
643	1
642	1
641	1
640	4
639	1
638	1
637	1
636	1
634	3
633	1
629	1
627	1
626	2
625	1
624	2
621	2
619	1
618	3
616	4
615	1
613	1
612	1
609	5
608	2
607	1
605	1
603	1
602	2
600	1
598	4
596	2
595	2
594	1
593	3
592	3
591	1
590	2
589	3
588	1
587	1
584	1
583	1
581	1
580	1
579	2
577	2
576	1
575	3
574	2
572	2
571	2
570	3
569	3
567	2
566	1
562	2
561	1
559	2
557	2
555	1
554	1
553	2
552	1
551	2
550	1
548	1
544	3
538	3
537	1
536	1
535	1
534	1
533	3
532	1
531	3
530	2
529	1
528	1
527	3
526	3
525	1
524	2
523	1
521	3
520	1
518	2
515	1
514	2
513	1
512	1
511	4
510	2
508	1
507	2
506	2
505	1
504	1
503	2
502	4
501	3
500	1
499	3
498	2
497	2
496	2
494	3
493	1
492	1
491	2
490	2
489	1
486	3
485	1
484	1
483	1
482	1
481	2
480	3
479	2
475	1
474	1
472	3
467	3
466	2
464	2
462	3
460	2
459	2
456	3
455	2
454	3
453	2
452	3
450	3
449	1
448	2
447	2
446	1
445	1
444	2
443	2
442	1
441	2
439	2
438	1
436	4
435	1
434	1
433	2
432	3
431	1
427	4
426	5
425	3
422	3
421	1
419	1
417	1
415	4
414	2
412	1
408	2
407	2
406	1
405	2
404	1
403	2
399	3
398	3
397	1
394	1
393	1
391	2
390	2
388	1
387	2
386	1
385	1
383	1
382	2
381	1
380	3
378	2
377	1
376	3
375	1
374	1
373	3
372	2
370	1
367	1
366	1
363	2
362	2
361	1
360	2
359	3
358	1
357	3
356	3
355	1
354	1
353	1
350	2
347	1
346	3
344	2
343	2
342	1
341	2
339	1
338	1
334	3
333	1
332	2
330	3
329	2
328	1
325	1
324	2
322	3
320	1
319	1
318	1
317	1
316	1
312	3
311	3
310	1
309	2
308	1
307	1
305	1
304	2
303	1
302	1
300	1
298	2
295	3
293	2
292	2
291	3
290	4
289	2
286	2
285	1
284	2
283	2
282	1
279	2
277	1
276	1
274	1
273	1
272	3
271	2
270	1
267	2
266	3
265	4
264	1
263	1
262	2
260	1
259	1
258	3
257	2
256	1
255	1
254	1
253	1
251	2
249	1
248	1
247	1
245	2
244	1
243	1
242	4
241	2
240	1
239	3
238	3
237	2
233	1
232	1
231	2
230	2
227	1
225	1
224	1
223	3
221	3
220	1
218	1
216	2
215	3
214	2
213	2
212	1
211	1
207	2
206	2
205	4
204	1
202	1
201	2
200	2
