170
400
279	2
278	1
277	3
275	1
274	1
273	1
272	1
270	1
269	3
268	1
265	2
264	2
262	1
261	4
260	3
259	1
258	1
257	1
256	6
254	1
251	2
249	3
247	1
246	1
244	2
242	3
241	2
240	3
239	1
237	3
236	1
235	1
234	2
232	1
231	1
229	1
228	1
227	2
226	1
225	3
224	1
221	2
220	1
219	1
218	2
216	2
215	1
214	2
213	2
212	3
209	2
208	1
206	1
205	2
204	1
203	1
201	5
200	3
198	1
197	1
196	1
195	3
194	1
192	1
190	2
189	2
188	1
187	3
186	1
184	1
182	1
181	2
180	1
178	1
177	3
175	2
174	1
169	3
168	5
167	4
166	2
165	1
164	2
163	2
162	1
160	3
158	1
157	4
156	2
155	1
154	2
153	1
150	1
149	2
147	2
146	1
145	3
144	2
143	1
142	1
141	3
140	1
139	2
138	1
137	2
135	3
134	2
133	2
132	4
131	1
130	2
128	1
127	1
125	1
122	1
121	1
120	1
119	2
118	1
117	1
116	1
115	2
113	1
110	1
109	1
108	1
107	3
106	1
105	2
104	3
103	4
102	2
101	2
97	1
95	1
94	2
93	2
91	1
90	2
89	2
87	1
86	1
84	1
82	2
80	1
78	1
77	2
74	1
72	1
71	1
70	2
69	1
66	3
65	4
63	1
62	5
60	3
59	1
58	2
56	4
55	2
52	1
51	1
48	1
46	1
45	1
43	1
42	1
41	2
40	2
