253
1000
790	1
785	1
783	2
781	1
778	1
771	1
769	1
767	1
765	2
760	1
757	1
756	1
753	1
752	1
750	2
749	1
745	1
740	1
736	1
728	1
727	2
726	2
724	2
721	1
712	1
707	1
704	1
703	1
702	1
694	1
693	1
691	1
690	1
689	1
688	1
684	1
680	1
673	1
665	1
662	1
654	1
651	2
650	1
647	2
646	2
645	1
644	1
639	1
635	1
634	1
630	1
628	1
627	2
622	1
619	1
617	1
616	1
612	1
610	1
608	1
607	1
601	1
599	1
598	1
595	2
594	1
590	1
589	1
588	1
585	1
583	1
582	1
581	1
576	1
574	1
568	1
566	1
555	1
554	1
553	1
548	1
543	1
542	2
541	1
540	1
537	2
534	1
532	1
530	1
528	1
527	1
526	2
524	1
523	1
522	1
520	1
519	1
514	1
512	1
511	3
508	1
504	1
503	1
496	2
494	1
493	1
490	1
486	1
485	1
483	1
481	1
479	1
477	1
471	1
465	1
463	1
462	1
461	1
460	1
457	3
456	1
450	1
449	1
443	1
442	1
441	1
440	1
435	1
432	1
425	1
423	1
421	1
414	1
413	1
411	1
408	1
406	2
405	1
402	1
400	1
396	1
394	1
388	1
381	1
379	2
378	1
377	1
376	2
373	1
367	1
366	2
365	1
364	1
357	1
356	2
355	2
352	2
351	1
349	1
348	1
345	1
344	1
337	1
336	1
331	1
330	1
329	1
328	1
323	1
321	1
320	1
318	1
316	1
312	1
311	2
310	1
308	1
304	1
302	1
301	1
300	1
297	3
296	1
293	1
291	1
289	1
287	3
284	1
283	1
282	2
280	3
279	1
274	3
273	2
271	1
269	1
262	1
260	1
258	2
254	1
250	1
244	2
232	1
228	2
226	1
225	1
221	1
220	1
216	1
212	1
211	1
206	1
202	1
194	1
181	1
178	1
176	2
174	1
173	1
171	1
167	1
166	1
160	1
156	1
154	1
150	1
149	1
144	2
141	1
139	1
138	1
137	1
134	1
133	1
132	1
131	1
129	1
127	1
126	1
125	1
124	1
123	1
122	1
121	1
118	2
114	1
113	2
109	2
108	1
106	1
104	1
103	3
101	1
