97
200
140	3
139	5
138	4
137	3
136	6
135	3
134	4
133	3
132	3
131	3
129	1
128	1
127	1
126	5
125	2
124	7
123	3
122	4
121	6
120	2
119	5
117	2
116	2
115	2
114	2
113	2
111	4
110	3
109	2
108	4
107	4
106	1
105	3
104	3
103	5
102	1
101	1
100	3
99	3
98	4
97	3
96	2
95	3
94	3
93	4
92	4
91	4
90	1
89	4
88	2
87	3
86	1
85	1
84	3
83	4
82	5
81	5
80	3
79	2
78	3
77	6
76	4
75	4
74	3
73	1
72	2
71	2
70	3
69	4
68	1
67	2
66	3
65	3
64	4
63	3
62	5
61	6
59	2
58	1
57	3
56	2
55	5
54	2
53	4
52	5
51	4
50	4
49	2
48	2
47	3
46	2
45	5
44	3
43	1
42	2
41	3
40	4
