89
500
397	1
393	1
392	1
381	1
375	1
372	1
367	1
366	1
365	1
359	1
356	1
351	1
346	1
341	1
340	1
337	1
335	1
334	1
331	1
330	1
329	1
318	2
310	2
307	1
306	1
305	1
297	1
295	1
290	1
285	2
284	1
278	1
277	1
274	1
270	2
264	1
257	2
256	1
255	1
253	1
248	1
247	1
241	1
240	1
238	1
230	1
227	1
222	1
220	1
215	1
211	1
209	1
208	2
207	1
201	1
196	1
193	2
190	2
189	1
182	2
176	1
175	1
174	1
171	1
168	1
167	1
163	1
162	1
161	1
157	1
146	1
134	1
120	1
119	1
113	1
110	1
107	1
106	1
100	1
97	1
90	1
87	1
82	1
78	2
74	1
73	1
66	2
64	1
50	1
