198
400
280	7
279	3
278	3
277	6
276	7
275	5
274	5
273	4
272	4
271	4
270	3
269	4
268	3
267	5
266	5
265	9
264	8
263	7
262	1
261	6
260	7
259	5
258	4
257	8
256	8
255	2
254	4
253	4
252	6
251	2
250	1
249	4
248	8
247	5
246	7
245	4
244	5
243	8
242	8
241	3
240	8
239	2
238	5
237	8
236	4
235	9
234	4
233	7
232	5
231	6
230	7
229	6
228	5
227	11
226	4
225	4
224	3
223	2
222	3
221	4
220	2
219	5
218	4
217	5
216	5
215	1
214	5
213	4
212	3
211	5
210	4
209	4
208	4
207	4
206	6
205	2
204	5
203	7
202	9
201	1
200	3
199	6
198	1
197	2
196	5
195	9
194	9
193	4
192	7
191	2
190	1
189	2
188	8
187	5
186	1
185	5
184	8
183	3
182	5
181	5
180	3
179	7
178	5
177	2
176	3
175	6
174	3
173	6
172	5
171	9
170	5
169	8
168	4
166	3
165	4
164	10
163	3
162	3
161	4
160	7
159	6
158	4
157	3
156	5
155	7
154	4
153	6
152	6
151	2
150	7
149	2
148	2
147	2
146	10
145	3
144	10
143	9
142	7
141	7
140	5
139	9
138	3
137	5
136	9
135	3
134	4
133	4
132	7
131	8
130	3
129	5
128	6
127	5
126	5
125	8
124	8
123	3
122	3
121	7
120	6
119	5
118	6
117	4
116	6
115	4
114	2
113	5
112	9
111	9
110	3
109	9
108	6
107	9
106	5
105	8
104	3
103	4
102	6
101	5
100	2
99	1
98	4
97	6
95	5
94	5
93	5
92	5
91	6
90	3
89	4
88	10
87	8
86	2
85	7
83	1
82	4
81	6
80	5
