279
500
350	1
348	3
347	1
346	2
345	7
344	1
343	3
342	3
341	4
340	1
339	4
338	2
337	1
336	4
335	1
334	3
333	2
332	3
331	4
330	3
329	1
328	2
327	1
326	3
325	3
324	2
323	4
322	4
321	2
320	4
319	1
318	1
317	3
315	2
314	1
313	5
312	1
311	1
310	2
309	2
308	1
307	1
306	1
305	4
304	2
303	4
302	3
301	3
300	3
298	1
297	1
296	3
295	2
294	3
293	2
292	4
291	1
290	3
289	2
288	1
287	1
286	1
285	1
284	2
283	1
282	1
281	5
280	1
277	4
276	7
275	4
274	6
273	5
272	5
271	4
270	2
269	1
268	2
267	3
266	4
265	3
264	2
263	1
262	1
261	3
260	1
259	3
258	2
257	1
256	1
255	3
253	5
252	3
250	4
249	2
248	1
247	2
246	3
245	2
244	7
243	1
242	5
241	1
240	3
239	5
238	3
237	2
236	1
235	3
234	2
233	4
232	6
231	2
230	2
229	4
228	1
227	3
226	7
224	5
223	6
222	6
221	5
220	2
219	2
218	4
217	3
216	2
215	2
214	2
213	1
212	1
210	1
209	3
208	4
207	1
206	4
205	2
204	2
203	1
202	5
201	1
200	2
199	1
198	2
197	4
195	4
194	4
193	2
192	1
191	1
190	3
189	8
188	3
185	3
184	5
183	5
182	2
181	1
179	1
178	2
177	2
176	3
175	6
174	2
173	1
172	2
171	3
170	3
169	7
167	2
166	2
165	6
163	2
162	3
161	6
160	5
159	1
158	3
157	3
156	2
155	3
154	3
153	1
152	3
151	1
150	3
149	1
148	1
147	2
144	5
143	4
142	5
141	3
140	2
139	2
138	2
137	1
136	8
135	4
134	2
133	3
132	4
131	4
130	4
129	2
128	3
127	4
126	2
125	3
124	2
123	1
122	2
120	4
118	1
117	2
116	2
115	4
114	2
113	2
112	8
110	2
109	1
108	1
107	2
106	5
105	3
104	4
103	4
102	2
101	1
100	1
99	2
98	2
97	1
96	3
95	5
94	2
93	3
92	3
90	2
89	4
88	3
87	4
86	1
85	2
84	1
83	1
82	2
81	1
80	3
79	1
78	1
77	4
76	2
75	4
74	1
73	5
72	3
71	4
70	3
69	1
68	4
67	1
65	2
64	2
63	2
62	4
61	2
60	3
59	1
58	4
57	1
56	3
55	2
54	4
53	2
52	3
51	2
50	2
