537
1000
800	1
799	2
798	2
797	1
796	4
795	1
794	3
793	2
792	1
791	2
790	2
789	1
788	3
786	1
785	1
782	1
781	4
780	2
778	3
776	3
775	3
774	1
773	3
772	1
770	2
768	2
767	2
765	2
764	1
763	3
762	2
761	3
760	3
759	3
757	1
756	3
755	1
754	1
753	4
752	1
751	1
750	1
748	1
747	1
746	2
745	1
743	1
742	1
739	1
738	1
737	2
736	2
735	1
733	1
732	1
731	2
730	2
729	2
727	1
721	2
719	1
718	2
717	3
716	1
714	5
713	4
712	2
711	2
709	2
708	2
707	2
706	1
705	1
704	1
703	2
702	4
701	2
699	1
698	1
697	1
695	1
692	3
691	1
690	2
689	1
688	2
685	1
683	6
681	2
679	2
678	1
677	2
676	1
675	1
674	1
673	3
671	2
670	1
669	3
668	2
667	2
665	2
664	2
663	1
660	3
655	1
654	1
653	1
652	3
651	1
650	2
649	1
648	1
646	2
645	3
644	1
642	2
641	3
640	3
639	2
638	2
637	3
636	1
635	1
634	2
633	1
632	1
631	3
630	3
629	2
628	1
627	4
626	2
625	1
624	3
623	2
622	2
619	1
616	1
615	2
613	1
612	2
610	4
609	1
608	1
607	1
606	2
605	1
604	1
603	2
602	3
601	1
599	3
598	2
597	1
595	3
594	1
593	1
592	1
590	3
589	3
588	1
584	2
582	1
581	1
580	5
579	1
578	1
577	2
576	1
575	1
574	1
572	1
570	1
569	1
568	1
566	2
563	2
562	1
561	3
560	1
559	1
558	2
557	6
556	1
554	3
553	2
552	1
550	2
549	1
548	1
547	2
546	1
545	1
543	2
540	1
539	1
535	4
534	1
533	3
531	3
530	2
529	2
528	2
526	1
525	1
523	2
522	3
521	3
519	1
518	2
517	2
516	1
514	4
512	2
511	2
510	3
508	2
506	1
505	2
504	1
503	1
502	4
501	1
499	1
497	2
496	2
495	1
493	3
492	2
491	2
490	3
487	1
486	2
484	3
483	1
482	3
481	1
480	1
479	1
478	3
477	5
476	1
475	1
474	1
473	2
469	2
468	1
467	2
466	2
465	1
464	1
463	3
462	2
461	1
460	2
458	2
457	1
455	2
454	2
452	2
451	3
450	1
449	2
447	1
445	3
444	1
443	1
441	1
440	2
439	1
438	1
436	2
435	1
434	2
433	3
432	2
431	2
430	2
429	3
428	2
424	3
423	1
422	2
421	3
420	2
419	2
417	1
414	4
413	1
412	1
410	2
409	3
408	1
406	2
405	2
404	2
403	2
402	3
399	2
398	4
397	2
396	3
395	2
393	3
392	2
391	1
388	3
387	3
384	1
382	2
381	1
380	2
379	1
377	2
376	1
375	1
374	3
372	2
371	2
370	2
369	2
368	1
367	1
366	2
365	2
363	2
362	2
361	2
360	2
359	1
358	1
357	1
356	1
355	1
354	2
353	1
352	2
351	2
350	2
349	2
348	3
346	1
345	3
344	1
343	1
342	1
341	2
340	2
339	2
337	1
336	1
335	2
334	1
333	1
332	1
330	1
329	2
328	1
327	7
326	1
325	1
324	2
323	2
322	3
321	1
319	2
317	1
316	2
315	1
314	2
311	2
310	1
308	1
307	2
306	1
305	3
304	2
303	1
302	1
299	4
298	1
296	2
295	4
293	3
292	1
291	1
290	1
288	3
285	3
284	5
283	3
282	3
281	4
280	2
279	1
278	1
277	3
276	3
274	1
272	3
271	2
270	2
269	2
268	1
267	1
265	2
264	1
263	2
261	2
259	3
258	3
257	3
256	2
255	1
254	3
253	1
252	2
251	2
250	1
249	2
247	2
246	2
244	2
242	1
240	1
239	2
238	3
236	2
235	1
234	5
233	3
232	2
231	2
229	1
228	1
227	1
226	1
225	4
224	1
223	1
221	1
220	1
218	1
216	2
215	2
213	2
212	3
211	1
210	1
209	2
208	1
207	1
206	3
205	1
204	1
203	1
202	3
201	2
200	3
199	1
198	1
196	3
195	1
194	1
193	1
192	1
191	1
190	2
189	1
187	2
186	3
185	1
184	4
183	2
181	2
180	1
178	1
177	2
176	1
175	2
174	3
171	5
170	4
169	2
166	1
165	3
164	1
163	1
162	1
161	1
160	1
159	2
158	2
157	3
156	1
155	1
154	4
150	2
148	2
145	1
143	1
142	1
140	2
139	1
138	1
137	3
136	2
135	2
134	1
133	2
131	2
130	2
129	1
128	2
127	3
126	1
125	2
124	1
121	3
120	6
119	3
118	3
117	1
116	1
114	2
112	1
111	4
110	1
109	1
108	2
107	1
106	2
104	1
103	3
101	1
100	1
