277
500
400	3
399	4
398	3
397	2
396	6
395	1
394	3
392	2
391	1
390	2
389	3
388	1
386	2
385	1
384	3
383	3
382	2
381	5
380	3
379	2
378	3
376	2
375	2
374	2
373	2
372	4
370	1
369	1
368	4
367	2
366	1
365	1
363	1
362	4
361	2
359	3
358	3
357	1
356	6
355	1
354	1
353	2
352	4
350	6
348	2
347	2
346	2
345	3
344	3
343	2
342	3
341	6
340	2
339	3
337	2
336	3
335	6
334	3
333	3
331	2
330	4
329	3
328	2
327	4
326	2
325	2
324	2
323	2
321	4
320	3
318	2
317	2
316	3
315	1
314	3
312	1
311	2
310	1
309	6
308	3
307	2
306	3
305	4
304	3
303	4
302	1
301	6
300	3
299	3
298	1
297	3
296	1
295	2
294	2
293	1
292	6
291	2
290	2
289	6
288	5
287	2
286	3
285	2
284	3
283	2
282	3
281	3
280	5
279	1
278	3
277	2
276	1
275	6
274	2
273	4
272	3
271	1
270	1
269	3
268	2
266	5
265	2
264	4
263	1
262	1
261	2
260	2
259	2
258	5
257	2
256	1
255	4
253	2
252	1
251	3
250	2
249	6
248	3
247	3
246	3
245	2
244	1
243	2
242	4
241	2
240	2
239	2
238	2
237	1
236	2
235	1
234	4
233	2
232	6
231	7
230	2
229	3
228	2
227	1
226	1
224	3
223	1
222	2
221	2
220	1
218	6
217	2
216	3
215	3
214	2
212	1
209	5
208	1
207	1
206	2
205	4
204	3
203	1
202	4
201	3
200	4
199	1
198	3
197	5
196	4
195	2
194	4
193	3
192	2
191	2
190	7
189	2
188	5
187	2
186	3
185	3
184	2
183	3
182	3
181	2
180	3
179	2
177	5
176	1
175	5
174	5
173	3
172	2
171	4
170	1
169	2
168	2
167	4
166	4
164	3
163	2
162	3
161	1
160	2
159	2
158	2
157	2
156	3
155	1
154	2
153	3
152	3
151	3
150	2
149	1
148	2
147	3
146	1
145	6
144	4
143	2
142	3
141	2
140	2
139	4
138	7
137	1
135	7
134	2
133	5
132	4
131	5
130	1
129	4
128	1
127	2
126	4
125	2
124	4
123	3
122	3
121	3
120	1
119	2
118	2
117	4
116	2
115	3
114	2
113	3
112	4
111	3
110	1
109	2
108	3
107	2
106	3
105	1
104	4
102	4
101	1
100	1
