157
750
600	1
599	1
596	1
594	1
587	1
586	1
583	1
576	1
573	1
571	1
564	1
558	2
557	2
549	2
547	1
545	2
544	2
543	2
541	1
538	1
536	1
533	1
530	1
529	1
527	1
526	1
522	1
521	1
518	1
517	3
511	1
509	1
507	1
506	2
501	1
499	1
498	2
497	1
495	1
494	1
493	1
490	1
488	2
485	1
483	2
480	1
479	1
474	2
473	2
471	2
470	1
466	1
461	1
460	1
457	1
456	1
454	2
449	3
448	1
445	1
439	2
438	1
436	1
435	1
427	2
421	1
414	1
410	1
409	1
408	1
403	1
402	3
400	1
399	1
398	1
397	1
394	1
393	1
390	1
384	1
381	2
380	1
379	1
377	1
376	2
373	1
368	2
366	1
363	2
361	1
360	1
352	1
347	1
346	1
345	1
344	1
342	1
341	1
339	4
334	1
332	1
331	1
325	2
321	1
320	1
314	1
313	1
308	1
306	1
303	1
302	2
294	1
292	1
289	1
284	1
277	1
275	1
270	1
268	2
266	3
265	1
260	1
258	1
255	1
253	1
250	1
247	3
244	3
239	2
238	2
236	1
226	1
225	1
220	2
219	1
217	1
216	1
215	2
214	1
211	1
209	1
208	1
205	1
196	1
195	1
193	1
186	1
185	1
183	1
181	1
170	1
169	1
166	1
158	1
155	1
151	1
150	2
