91
150
120	6
119	13
118	9
117	7
116	8
115	8
114	6
113	8
112	5
111	12
110	7
109	8
108	4
107	6
106	14
105	8
104	9
103	6
102	7
101	12
100	8
99	7
98	10
97	6
96	7
95	10
94	10
93	7
92	6
91	8
90	5
89	16
88	7
87	7
86	8
85	11
84	7
83	8
82	12
81	7
80	11
79	11
78	5
77	14
76	6
75	12
74	8
73	5
72	5
71	7
70	11
69	8
68	6
67	8
66	10
65	12
64	5
63	6
62	8
61	5
60	4
59	5
58	12
57	5
56	8
55	12
54	10
53	8
52	11
51	5
50	8
49	8
48	5
47	10
46	10
45	7
44	5
43	10
42	11
41	2
40	7
39	10
38	6
37	11
36	8
35	14
34	9
33	10
32	8
31	7
30	11
