437
750
600	3
599	1
598	1
597	2
596	3
595	5
594	2
593	4
592	2
590	1
589	3
588	1
587	6
586	2
585	2
584	3
583	3
582	1
581	3
580	5
579	1
578	1
577	4
576	4
575	1
574	3
573	3
571	2
569	2
568	1
567	2
566	1
565	1
564	2
563	2
562	2
561	3
560	3
559	5
558	1
557	2
556	4
555	5
554	2
553	4
552	1
551	2
550	3
549	1
548	1
546	3
545	2
544	2
542	4
541	3
539	3
538	4
537	1
536	2
535	2
534	1
533	2
529	1
528	2
527	1
526	2
524	4
523	2
520	3
519	1
518	2
517	5
516	2
515	3
514	1
513	1
512	3
511	4
510	2
509	1
507	5
506	1
505	2
504	2
503	4
502	2
499	1
498	3
497	2
496	4
495	1
493	3
491	2
490	1
488	1
487	2
486	3
485	3
484	3
483	2
482	3
481	2
480	2
479	1
478	1
477	2
476	3
475	4
472	1
471	2
469	3
468	2
467	1
466	2
465	1
464	1
463	2
462	1
461	5
459	3
458	1
457	2
456	1
455	3
454	1
453	1
452	3
451	2
449	1
448	4
446	2
445	1
444	1
443	2
442	5
441	1
440	2
439	1
438	1
437	2
435	4
434	3
433	2
432	2
431	2
429	1
428	3
427	2
426	1
424	2
423	1
422	2
421	1
420	4
418	2
417	3
416	2
415	2
414	2
413	1
412	3
411	3
410	3
408	2
407	3
406	2
405	1
404	4
403	4
402	2
400	2
399	3
398	2
397	2
396	2
395	5
394	5
393	3
392	2
391	2
390	1
389	3
388	1
387	2
386	1
385	3
384	1
383	1
382	1
381	1
380	1
379	3
378	1
377	2
375	3
373	2
372	3
371	3
370	3
369	2
368	5
367	2
366	2
364	2
362	2
361	1
360	2
359	2
358	2
357	2
355	1
354	1
353	1
352	4
350	3
349	2
348	6
347	1
346	4
345	1
344	1
343	1
341	2
338	2
337	2
335	1
334	2
333	4
332	1
331	5
329	1
328	2
327	3
325	3
324	1
323	2
322	1
321	2
320	4
319	1
318	1
317	1
316	1
315	2
314	2
311	2
309	1
308	1
307	2
306	2
305	2
304	1
302	1
300	2
299	6
298	3
297	2
296	4
295	3
294	2
292	1
291	2
290	2
289	1
288	2
287	1
286	3
285	3
282	1
281	3
280	1
279	2
278	3
277	1
276	1
275	5
273	3
271	1
270	5
269	3
268	3
267	1
265	1
264	2
263	4
262	3
261	1
260	3
259	1
258	3
257	4
256	1
255	2
254	5
253	1
252	3
251	1
250	2
249	3
248	2
246	5
245	3
244	1
243	3
242	2
240	2
239	5
237	2
236	5
235	1
234	1
233	5
232	2
231	2
230	4
229	4
228	3
227	1
226	3
225	1
224	3
223	5
221	1
220	1
219	4
218	3
217	3
215	3
213	7
212	1
211	2
210	2
208	1
207	3
206	2
205	1
204	6
203	1
202	1
201	1
200	1
199	3
198	3
196	2
195	2
194	3
193	4
191	5
189	1
188	4
187	1
186	3
185	3
184	1
182	3
181	1
180	2
179	4
178	3
177	1
176	4
175	4
174	3
172	1
171	1
167	1
166	3
165	1
164	1
161	2
160	3
159	2
158	5
157	2
156	3
154	3
153	3
152	1
149	4
147	1
145	1
144	3
143	3
141	1
138	5
137	1
136	2
134	4
132	1
131	4
130	3
129	1
128	1
127	1
126	1
125	4
122	2
121	1
120	5
119	4
118	2
116	2
115	2
113	2
112	3
111	2
110	6
109	2
108	2
107	3
106	1
105	1
104	1
103	2
102	1
101	4
98	3
97	2
96	2
95	2
94	1
93	3
92	1
91	2
90	1
89	1
88	2
85	1
84	3
82	1
81	3
80	2
79	2
78	3
77	1
76	4
75	2
