347
1000
800	1
799	1
797	1
796	1
791	1
790	1
788	1
785	1
784	1
783	1
782	1
780	2
779	2
777	1
776	1
774	4
772	3
770	1
769	2
765	2
763	3
761	2
759	1
758	2
757	1
756	1
755	1
754	1
751	1
750	1
747	1
743	1
742	2
740	1
738	1
734	2
733	1
728	1
725	1
723	1
722	2
721	1
719	1
718	1
717	1
714	1
713	1
711	2
709	1
708	1
706	2
704	1
702	3
701	2
698	3
697	1
696	1
694	2
693	1
692	1
690	2
689	1
686	2
685	2
684	1
681	1
678	1
677	1
676	1
675	1
674	1
673	1
672	1
671	2
670	1
669	4
668	2
666	2
665	2
664	1
662	2
659	1
650	1
649	2
647	2
646	1
644	1
639	1
637	1
636	1
635	2
634	1
633	1
631	1
630	1
629	1
628	1
626	4
625	2
622	1
618	3
617	2
616	1
613	1
610	1
609	1
608	2
606	1
603	1
601	4
600	1
598	2
596	1
595	1
591	2
590	1
589	1
582	1
580	1
578	1
576	1
574	1
572	1
569	1
567	1
566	1
564	1
562	2
561	1
559	2
558	1
555	1
548	1
547	1
546	2
545	1
543	2
541	1
540	1
537	2
536	1
535	1
533	1
531	2
530	1
529	2
527	3
524	2
523	2
522	2
521	1
520	2
518	1
517	1
516	2
515	2
514	2
513	1
511	2
510	1
506	2
504	3
503	1
501	1
498	3
496	1
492	1
480	2
478	2
477	1
476	1
473	1
470	1
465	1
462	2
454	1
453	3
450	2
446	1
444	2
441	1
440	1
436	1
435	2
432	1
431	2
430	4
425	1
424	1
422	2
420	3
418	2
417	1
415	1
413	2
410	2
406	2
405	1
404	1
402	1
401	2
399	1
398	1
396	1
393	1
392	1
387	1
386	1
384	1
383	1
381	1
380	2
376	3
375	1
374	1
372	2
371	1
368	1
365	1
364	1
362	1
359	1
358	2
356	1
355	3
354	1
353	2
351	1
346	2
343	1
342	2
341	1
335	1
333	2
331	1
328	1
327	1
325	5
322	2
320	2
319	1
316	1
315	2
310	2
308	2
304	1
303	3
301	1
300	1
298	2
296	2
294	2
291	2
290	1
284	1
282	1
281	1
280	1
277	1
276	1
275	1
274	2
272	1
271	1
267	1
263	1
262	1
261	2
260	1
259	2
255	1
254	1
253	2
252	1
250	1
242	1
241	1
238	2
237	2
233	2
227	3
225	3
224	2
221	1
220	1
219	2
218	1
216	2
215	1
213	2
212	1
210	1
208	2
207	1
206	2
205	1
202	1
200	2
196	1
195	1
190	1
189	1
187	3
184	1
181	1
180	1
178	1
177	1
176	1
175	1
168	1
166	1
164	2
163	2
162	1
161	1
160	1
159	1
158	1
157	1
150	1
149	2
148	1
147	2
144	1
140	1
136	1
133	1
129	2
126	1
124	1
123	2
121	1
118	1
117	1
116	1
115	2
114	1
113	1
112	3
111	1
110	2
107	2
104	1
103	3
101	1
100	2
