306
500
400	3
399	1
398	2
397	1
396	2
395	3
394	4
393	1
391	3
390	1
389	5
388	2
387	4
386	5
385	1
384	1
383	2
382	5
381	2
380	2
379	2
378	3
377	1
376	2
373	3
372	3
371	2
370	4
369	1
368	6
367	1
366	2
365	3
364	4
362	3
361	1
360	5
359	2
358	3
357	1
356	6
355	2
353	1
352	2
350	1
349	3
348	2
347	4
346	1
345	1
344	3
343	4
342	3
341	2
340	1
338	2
337	2
336	2
335	2
334	3
333	4
332	3
330	2
328	4
327	2
326	2
325	4
324	4
323	2
322	2
321	2
320	2
319	2
318	5
316	3
315	2
314	3
313	4
312	6
310	1
309	2
306	5
305	2
304	2
302	2
301	5
300	3
299	2
298	4
297	2
296	4
295	1
294	1
293	2
292	4
290	2
289	1
288	1
286	2
285	4
284	3
283	5
282	2
281	2
280	5
279	1
278	3
277	3
276	2
275	3
273	1
272	2
271	2
270	3
269	7
268	4
267	4
266	7
265	4
264	3
263	1
260	5
259	1
258	2
255	5
253	1
252	1
251	4
250	1
249	2
248	3
247	1
246	2
245	5
244	5
243	1
242	4
240	4
239	5
238	4
237	2
236	3
234	2
233	2
232	1
231	2
230	2
229	1
228	3
227	2
226	1
225	2
224	2
223	3
222	1
220	2
219	2
218	2
217	2
216	1
215	2
214	1
213	2
212	3
211	3
210	1
209	1
208	1
207	3
205	3
204	1
203	3
201	2
200	1
199	2
197	2
196	3
195	2
194	3
193	1
192	1
191	3
190	3
189	3
187	3
186	4
185	4
184	2
181	4
180	1
179	1
178	4
177	1
175	2
174	1
173	2
172	2
171	3
170	3
169	4
168	3
167	1
166	1
165	2
164	3
163	4
162	2
161	1
160	4
159	4
158	2
157	2
156	2
155	1
153	1
151	2
150	3
149	3
147	4
146	1
144	1
143	1
142	2
141	1
140	5
139	3
138	2
137	2
136	1
135	1
134	3
133	4
131	2
130	2
129	2
128	1
127	1
126	2
125	1
123	1
122	1
121	3
120	5
119	1
118	1
117	1
116	4
115	4
114	2
113	3
112	3
111	5
109	2
108	1
105	3
104	2
103	2
102	5
101	1
99	4
98	5
97	1
96	1
95	1
94	1
93	1
91	6
90	2
88	2
87	1
86	2
85	4
84	2
83	5
82	3
81	2
80	1
79	2
78	1
77	3
76	2
75	2
74	2
73	3
72	3
71	1
69	2
68	1
67	1
66	4
65	2
64	4
63	3
62	1
61	2
60	1
59	2
58	1
57	2
56	2
55	2
54	4
53	3
52	4
51	1
50	1
