160
750
524	2
520	2
516	1
513	1
506	1
504	1
499	1
494	1
488	2
481	2
480	1
475	1
474	1
468	1
467	1
462	1
459	1
457	1
456	1
453	2
449	1
448	1
446	1
443	1
441	1
440	2
434	1
433	3
432	1
431	1
423	2
422	1
419	1
418	1
417	1
412	1
409	1
405	1
403	1
400	1
397	2
394	1
392	1
390	2
389	1
388	1
387	1
385	1
383	1
378	1
377	1
375	2
372	1
368	1
367	1
365	1
364	1
363	1
362	3
361	1
357	1
355	1
354	1
346	1
345	3
344	1
343	1
340	2
336	1
334	1
331	1
327	1
326	1
325	1
324	1
321	1
320	1
316	1
312	1
304	2
303	1
299	1
298	1
295	3
288	1
287	1
286	1
278	1
276	1
268	3
263	2
262	2
261	1
259	1
256	2
255	1
244	2
243	1
241	2
240	1
238	2
234	2
233	2
224	3
223	1
222	1
218	2
215	1
214	2
213	1
204	1
200	1
198	3
186	1
185	1
183	1
182	1
179	1
174	1
173	1
171	1
168	1
167	1
166	2
161	1
160	1
156	1
153	1
149	1
147	1
144	1
143	2
141	1
138	1
137	1
135	2
130	1
128	1
127	1
126	2
125	1
124	1
123	1
121	1
120	1
118	1
117	1
115	1
110	1
109	1
107	1
104	1
102	1
94	1
91	1
88	1
83	1
81	1
79	1
76	1
