176
300
240	4
239	1
238	1
237	2
235	4
234	2
233	2
232	2
231	3
230	1
229	2
228	3
227	1
226	2
225	1
224	3
223	2
222	4
221	3
217	2
216	1
215	5
214	1
213	2
212	1
211	1
210	4
209	2
208	3
206	2
205	1
203	3
202	1
201	1
199	2
197	3
196	3
194	1
193	4
192	3
191	1
190	1
189	3
188	2
187	3
186	3
184	3
183	3
182	3
181	2
180	2
178	2
177	1
176	3
175	2
174	2
173	2
172	7
171	1
170	3
169	2
168	1
167	2
166	4
165	2
164	4
163	5
162	4
160	2
159	1
158	1
157	3
155	1
154	3
153	2
152	5
151	1
150	1
149	1
147	2
145	1
143	2
142	4
141	1
140	3
139	3
136	3
135	1
134	2
132	2
131	3
130	2
129	3
128	3
127	1
126	3
125	1
124	1
123	1
121	2
120	5
119	3
118	2
117	2
116	2
114	1
113	3
111	1
110	5
108	5
107	2
106	3
105	2
104	2
102	3
101	3
100	1
99	2
98	1
97	3
96	2
95	2
93	2
91	2
90	4
89	5
88	1
87	1
86	2
85	3
84	2
83	2
82	2
81	1
80	3
79	3
78	1
77	4
76	1
75	2
74	1
72	3
69	2
67	4
66	2
64	3
63	2
62	1
61	2
60	2
59	2
57	2
56	2
55	2
54	4
53	1
52	1
51	1
50	3
49	2
48	1
47	6
46	1
44	1
43	2
42	1
41	2
40	1
39	5
38	3
36	3
34	2
33	2
32	3
31	1
30	1
