167
300
210	2
209	3
208	1
207	5
206	4
205	4
204	2
203	3
202	2
201	4
200	1
199	3
198	1
197	5
196	3
195	4
194	4
193	4
192	2
191	2
190	3
189	3
188	2
187	5
186	2
185	2
184	5
183	4
182	1
181	4
180	5
179	4
178	4
177	3
176	1
175	4
174	2
173	3
172	1
170	5
169	1
168	1
167	2
166	4
165	3
164	2
163	2
162	3
161	1
160	1
159	1
158	4
157	3
156	2
154	1
153	1
152	3
151	5
150	4
149	4
148	5
147	3
146	4
145	2
144	3
143	5
142	7
141	2
140	2
139	3
138	4
137	2
136	3
135	1
134	4
133	3
132	4
131	2
130	7
129	2
128	2
127	3
125	2
124	2
123	3
122	2
121	2
120	7
119	5
118	4
117	2
116	4
115	5
114	3
113	3
112	3
111	1
110	4
109	2
107	2
106	3
105	4
104	2
103	4
102	2
100	2
99	4
98	2
97	3
96	4
95	4
94	4
92	1
91	3
90	4
89	2
88	2
87	3
86	1
85	6
84	1
83	3
82	3
81	1
80	4
79	1
78	7
76	3
75	2
74	3
73	3
72	2
71	2
70	3
69	3
68	3
67	2
66	3
65	3
64	4
63	2
62	4
61	5
60	5
59	1
56	6
55	1
53	3
52	3
51	3
50	5
49	2
47	1
46	5
45	5
43	7
42	2
41	1
40	2
39	3
37	2
35	6
34	1
33	3
32	1
31	2
30	4
