302
1000
800	2
799	1
798	2
795	1
794	1
788	1
786	1
785	1
783	1
780	1
774	2
772	1
771	1
770	3
768	1
764	1
763	1
762	1
756	2
755	1
753	1
751	1
750	1
746	2
745	1
744	1
743	1
738	1
735	1
734	1
727	1
726	2
725	2
724	2
722	2
720	1
718	1
713	1
711	3
710	1
709	1
708	1
705	1
704	1
703	2
702	1
701	1
694	1
692	1
687	1
683	1
678	1
677	1
673	1
670	1
669	1
667	1
666	2
663	3
661	1
659	2
656	1
653	1
651	1
650	1
648	1
647	1
644	3
643	1
642	3
641	1
640	1
632	2
630	1
629	2
628	1
627	1
626	2
625	1
623	1
620	1
618	1
617	1
613	1
611	1
608	1
607	2
606	1
603	1
601	2
598	1
597	3
594	1
588	3
583	2
582	2
581	1
580	1
579	1
577	1
576	1
572	2
571	1
570	2
568	1
565	1
563	1
562	1
560	1
559	1
558	2
556	2
555	1
554	1
553	1
551	1
549	1
546	1
540	1
537	1
536	1
535	1
534	3
526	1
525	1
524	1
523	1
521	1
519	1
517	1
513	1
512	1
510	2
509	2
508	1
506	1
504	1
494	1
492	1
489	1
488	3
486	1
484	1
482	1
481	1
478	1
476	4
472	1
465	1
463	2
461	1
457	1
456	1
455	1
449	1
448	1
445	2
441	1
437	1
436	1
435	3
432	2
431	1
430	3
427	1
426	1
425	1
420	1
418	1
417	1
411	1
410	2
403	1
400	1
395	1
393	2
388	1
387	2
385	1
380	1
375	4
374	1
371	1
370	1
368	1
361	2
359	1
356	1
353	4
350	1
347	1
344	1
341	1
339	1
337	1
336	1
329	1
326	2
321	1
320	2
315	1
311	1
310	1
304	1
302	1
299	1
296	1
294	1
293	1
291	2
289	1
288	1
287	2
283	1
282	1
281	1
280	2
279	2
278	1
277	1
276	2
271	1
270	1
269	1
268	2
265	3
262	1
261	1
259	1
257	1
256	1
252	1
251	1
249	2
247	1
245	2
244	1
242	1
241	1
240	1
238	1
237	1
233	1
227	1
225	1
224	2
223	2
220	3
219	2
216	1
215	2
214	1
213	1
210	1
208	1
204	1
203	1
202	1
200	1
199	4
198	3
197	1
194	1
193	1
192	1
191	1
189	1
188	1
185	1
182	1
180	1
179	2
177	1
176	1
173	1
171	1
169	2
163	1
162	2
158	1
155	1
153	1
147	2
143	3
142	1
140	2
138	1
137	1
136	1
135	1
134	1
131	1
121	1
118	1
117	2
116	2
113	2
112	1
111	1
107	1
104	2
101	2
