178
400
280	3
278	3
275	1
274	2
272	3
271	1
268	1
267	6
266	1
265	1
264	1
263	2
262	1
261	1
258	1
257	1
256	1
254	2
253	2
252	2
251	2
250	1
249	1
247	1
246	1
244	1
242	1
240	2
239	1
238	1
237	2
236	3
235	2
234	2
233	2
232	1
231	2
229	1
228	2
226	1
224	2
223	1
222	1
221	1
219	1
218	2
217	2
216	4
215	1
214	1
213	2
212	2
211	3
210	3
209	2
207	1
206	2
205	4
204	1
203	3
202	5
201	1
200	2
199	3
198	1
197	3
196	3
195	1
193	2
191	1
190	2
189	2
188	1
186	1
185	1
184	1
183	2
179	2
178	1
172	2
169	3
168	2
167	2
165	1
163	1
162	1
161	1
160	1
159	1
158	1
157	2
156	4
155	1
154	4
152	1
151	3
150	4
149	1
148	4
146	2
144	3
143	2
142	1
141	2
140	1
138	1
137	2
136	2
135	1
134	1
133	2
132	1
129	1
128	1
127	1
125	2
124	2
123	1
122	1
120	3
119	3
118	2
116	1
114	2
113	2
112	1
111	1
110	2
108	1
106	2
105	2
103	1
100	1
99	1
98	2
97	1
95	1
93	2
92	2
91	2
90	2
89	1
87	1
85	1
84	3
82	1
81	1
80	1
79	2
78	1
77	2
75	1
74	2
73	1
72	1
70	1
68	3
67	2
66	2
65	1
64	2
63	1
62	2
60	1
59	1
57	1
56	1
55	1
53	2
51	3
48	2
46	2
45	1
44	1
43	1
42	1
41	1
40	1
