316
750
600	2
599	1
598	2
597	1
595	2
594	2
592	4
591	1
590	1
589	1
588	2
587	1
584	1
582	1
581	1
580	1
579	1
578	1
576	1
574	1
573	1
572	2
570	1
569	1
568	2
567	1
566	1
564	1
563	2
562	1
559	1
557	1
555	1
554	1
553	1
552	4
551	1
549	1
547	2
545	2
543	1
541	2
540	4
539	2
537	2
536	2
534	3
533	1
531	1
530	1
529	1
528	2
527	1
525	1
524	1
523	1
522	2
521	1
520	1
518	1
517	1
515	1
514	3
512	1
511	2
510	1
507	1
506	2
505	2
504	2
503	2
502	1
500	2
499	1
497	3
496	3
495	2
494	3
493	1
491	4
490	1
489	1
486	1
485	1
484	2
483	2
482	3
480	1
478	2
477	1
475	2
474	1
473	2
472	1
471	1
470	2
469	3
467	1
465	1
464	1
463	1
461	3
460	1
459	1
458	1
457	2
455	1
454	2
453	1
452	1
451	1
450	2
449	1
448	2
446	4
445	1
442	3
441	2
440	2
439	1
438	2
437	1
435	1
434	2
433	1
432	2
430	1
429	2
428	2
427	1
426	4
425	5
424	1
423	1
422	2
421	3
420	1
419	1
418	2
416	1
415	1
414	1
411	1
408	2
407	1
406	1
405	3
404	2
403	2
402	1
401	1
399	2
398	3
395	2
393	2
392	1
391	3
390	1
389	1
388	1
386	2
385	1
383	3
382	1
381	1
380	1
379	1
378	1
376	2
375	2
373	3
372	1
371	1
370	1
366	1
365	1
364	6
362	3
360	1
356	2
355	1
354	1
353	1
352	2
350	1
349	1
348	1
345	2
344	1
340	1
339	1
337	3
336	1
335	1
334	2
333	1
332	1
331	2
330	2
329	1
328	1
327	2
326	1
325	1
319	2
318	1
317	2
316	1
314	2
313	1
311	1
310	1
308	3
307	1
306	2
301	1
300	4
299	1
298	1
296	1
295	1
293	1
290	2
289	1
288	2
287	3
286	1
283	1
282	1
281	2
280	1
276	2
275	1
274	1
273	2
272	2
270	3
267	1
265	1
264	2
263	2
262	1
261	1
260	1
259	2
258	2
256	1
253	3
251	2
249	1
248	3
246	2
244	2
242	1
241	1
240	2
239	1
238	1
235	2
234	1
232	2
231	1
230	2
228	2
227	1
226	2
225	2
223	1
222	3
221	1
220	2
219	1
218	1
217	2
215	3
212	1
211	1
210	1
209	1
207	3
206	2
204	1
201	2
200	2
198	1
197	1
196	1
195	1
194	3
193	2
191	2
190	2
189	3
188	1
187	3
186	1
185	1
184	1
183	3
181	1
179	1
176	1
175	2
173	1
172	2
171	1
169	1
168	1
163	1
162	1
159	1
156	3
155	1
154	2
153	2
151	1
