213
500
350	4
349	2
348	2
347	4
346	1
345	1
343	2
342	3
341	3
340	2
339	2
336	3
335	3
334	5
333	1
332	4
331	2
330	2
329	2
328	1
327	1
324	3
323	3
322	4
321	3
320	3
319	3
317	1
316	1
315	4
314	3
313	3
311	2
310	1
309	3
308	3
307	2
306	2
305	2
304	2
302	1
301	1
300	3
299	2
298	2
297	1
296	1
295	2
294	2
293	2
292	1
291	2
290	4
289	1
288	3
287	2
286	3
285	4
284	1
283	5
282	3
281	2
280	4
279	1
277	2
276	1
275	2
272	1
271	1
270	4
269	1
268	3
267	1
266	3
265	1
264	1
263	3
262	1
261	3
260	3
259	3
257	2
256	5
255	3
254	1
253	2
251	2
250	1
249	2
248	1
247	5
245	3
244	1
242	4
241	1
239	2
238	2
237	1
236	4
234	2
233	1
232	1
231	3
229	1
227	4
225	1
223	3
222	2
221	3
220	1
219	2
218	1
216	1
215	6
214	2
213	4
212	2
211	2
210	2
209	3
208	4
207	2
206	3
205	4
204	2
202	3
201	3
200	1
199	2
198	4
197	2
196	2
195	6
194	2
193	1
192	4
190	6
189	1
188	1
187	2
186	3
184	1
183	1
182	3
181	2
180	1
179	3
178	3
177	3
176	2
175	1
174	2
173	2
172	2
171	2
170	4
169	2
168	1
167	3
166	2
165	3
164	2
163	1
161	2
160	1
159	2
158	3
155	2
154	2
153	2
152	2
151	1
150	2
149	2
147	5
145	3
144	3
143	4
142	3
141	1
140	2
139	1
138	1
137	1
135	2
134	3
132	1
131	1
130	6
129	2
127	3
126	4
125	1
123	1
122	4
121	2
120	6
119	3
118	7
117	2
115	1
114	3
113	3
111	4
110	1
109	1
108	2
107	4
106	4
105	2
103	1
102	2
100	1
