140
200
160	4
159	4
158	4
157	9
156	6
155	5
154	5
153	6
152	6
151	7
150	8
149	4
148	6
147	6
146	4
145	8
144	10
143	4
142	5
141	1
140	5
139	7
138	7
137	6
136	4
135	6
134	8
133	2
132	5
131	4
130	5
129	4
128	9
127	3
126	8
125	2
124	7
123	6
122	8
121	3
120	8
119	8
118	1
117	5
116	3
115	4
114	7
113	7
112	4
111	8
110	9
109	7
108	2
107	5
106	5
105	6
104	4
103	4
102	2
101	6
100	5
99	1
98	4
97	9
96	2
95	2
94	4
93	5
92	7
91	6
90	5
89	3
88	5
87	7
86	5
85	5
84	6
83	9
82	5
81	5
80	6
79	11
78	8
77	9
76	6
75	4
74	4
73	6
72	6
71	7
70	3
68	7
67	6
66	4
65	3
64	3
63	2
62	4
61	6
60	8
59	8
58	2
57	9
56	6
55	4
54	3
53	4
52	5
51	2
50	3
49	6
48	7
47	3
46	3
45	4
44	2
43	4
42	5
41	3
40	9
39	6
38	3
37	4
36	4
35	8
34	8
33	3
32	8
31	7
30	5
29	7
28	3
27	8
26	9
25	6
24	6
23	7
22	4
21	7
20	6
