91
1000
796	1
779	1
778	1
764	1
757	1
747	1
745	1
737	1
724	1
712	1
706	1
698	1
692	1
685	1
678	1
673	1
655	1
647	1
642	1
641	1
638	1
627	1
618	1
614	1
595	1
592	1
590	2
588	1
580	1
563	1
560	2
557	1
554	1
548	1
544	1
541	1
528	1
523	1
521	1
518	1
517	1
513	1
510	2
505	1
499	1
497	1
478	1
473	1
467	1
432	1
427	1
422	1
421	1
417	1
416	1
414	1
411	1
408	1
407	1
402	2
401	2
398	1
396	1
394	1
390	1
377	1
374	1
368	1
364	1
363	1
359	1
358	1
351	1
342	3
337	1
334	1
318	1
315	1
310	1
300	1
294	1
285	1
283	1
275	1
250	1
248	1
246	1
236	2
228	1
215	2
207	1
